   0.0000000e+00   6.4581363e+06   0.0000000e+00   0.0000000e+00   7.8000000e+03  -3.1415927e-02   1.5707963e+00   0.0000000e+00  -4.3633049e-03   2.7918350e+03   9.6688448e+03   2.8874271e-01
   1.0000000e+00   6.4578914e+06   1.2071183e-03   1.4026326e-10   7.7988542e+03  -3.1381109e-02   1.5707961e+00   7.7955869e+03  -8.7265008e-03   2.8875615e+03   1.0000370e+04   2.8873446e-01
   2.0000000e+00   6.4576469e+06   2.4141025e-03   7.1249913e-10   7.7976585e+03  -3.1344864e-02   1.5707956e+00   1.5590012e+04  -1.3089479e-02   2.9864019e+03   1.0342680e+04   2.8872072e-01
   3.0000000e+00   6.4574027e+06   3.6209448e-03   2.0281792e-09   7.7964113e+03  -3.1307146e-02   1.5707949e+00   2.3383226e+04  -1.7452129e-02   3.0884445e+03   1.0696080e+04   2.8870148e-01
   4.0000000e+00   6.4571588e+06   4.8276370e-03   4.4194736e-09   7.7951109e+03  -3.1267912e-02   1.5707938e+00   3.1175176e+04  -2.1814343e-02   3.1937795e+03   1.1060882e+04   2.8867676e-01
   5.0000000e+00   6.4569153e+06   6.0341707e-03   8.2402206e-09   7.7937558e+03  -3.1227116e-02   1.5707925e+00   3.8965809e+04  -2.6176012e-02   3.3024983e+03   1.1437404e+04   2.8864654e-01
   6.0000000e+00   6.4566722e+06   7.2405374e-03   1.3866929e-08   7.7923439e+03  -3.1184711e-02   1.5707908e+00   4.6755070e+04  -3.0537026e-02   3.4146940e+03   1.1825966e+04   2.8861084e-01
   7.0000000e+00   6.4564294e+06   8.4467279e-03   2.1699816e-08   7.7908737e+03  -3.1140649e-02   1.5707888e+00   5.4542901e+04  -3.4897277e-02   3.5304610e+03   1.2226897e+04   2.8856965e-01
   8.0000000e+00   6.4561870e+06   9.6527333e-03   3.2163875e-08   7.7893431e+03  -3.1094881e-02   1.5707865e+00   6.2329243e+04  -3.9256656e-02   3.6498951e+03   1.2640528e+04   2.8852299e-01
   9.0000000e+00   6.4559451e+06   1.0858544e-02   4.5709987e-08   7.7877503e+03  -3.1047356e-02   1.5707837e+00   7.0114035e+04  -4.3615053e-02   3.7730932e+03   1.3067195e+04   2.8847086e-01
   1.0000000e+01   6.4557035e+06   1.2064150e-02   6.2816052e-08   7.7860934e+03  -3.0998024e-02   1.5707805e+00   7.7897216e+04  -4.7972360e-02   3.9001537e+03   1.3507238e+04   2.8841327e-01
   1.1000000e+01   6.4554624e+06   1.3269541e-02   8.3988173e-08   7.7843703e+03  -3.0946830e-02   1.5707770e+00   8.5678719e+04  -5.2328467e-02   4.0311757e+03   1.3961001e+04   2.8835021e-01
   1.2000000e+01   6.4552218e+06   1.4474707e-02   1.0976186e-07   7.7825790e+03  -3.0893723e-02   1.5707729e+00   9.3458479e+04  -5.6683267e-02   4.1662596e+03   1.4428832e+04   2.8828171e-01
   1.3000000e+01   6.4549816e+06   1.5679638e-02   1.4070329e-07   7.7807173e+03  -3.0838645e-02   1.5707684e+00   1.0123643e+05  -6.1036649e-02   4.3055065e+03   1.4911080e+04   2.8820777e-01
   1.4000000e+01   6.4547420e+06   1.6884321e-02   1.7741056e-07   7.7787830e+03  -3.0781542e-02   1.5707633e+00   1.0901249e+05  -6.5388505e-02   4.4490182e+03   1.5408098e+04   2.8812839e-01
   1.5000000e+01   6.4545028e+06   1.8088746e-02   2.2051503e-07   7.7767741e+03  -3.0722356e-02   1.5707577e+00   1.1678660e+05  -6.9738727e-02   4.5968971e+03   1.5920241e+04   2.8804359e-01
   1.6000000e+01   6.4542642e+06   1.9292900e-02   2.7068267e-07   7.7746882e+03  -3.0661028e-02   1.5707516e+00   1.2455867e+05  -7.4087205e-02   4.7492462e+03   1.6447865e+04   2.8795337e-01
   1.7000000e+01   6.4540262e+06   2.0496773e-02   3.2861542e-07   7.7725229e+03  -3.0597499e-02   1.5707448e+00   1.3232864e+05  -7.8433831e-02   4.9061686e+03   1.6991327e+04   2.8785775e-01
   1.8000000e+01   6.4537887e+06   2.1700350e-02   3.9505264e-07   7.7702759e+03  -3.0531708e-02   1.5707374e+00   1.4009642e+05  -8.2778496e-02   5.0677675e+03   1.7550986e+04   2.8775674e-01
   1.9000000e+01   6.4535518e+06   2.2903619e-02   4.7077254e-07   7.7679448e+03  -3.0463592e-02   1.5707293e+00   1.4786192e+05  -8.7121091e-02   5.2341461e+03   1.8127198e+04   2.8765035e-01
   2.0000000e+01   6.4533155e+06   2.4106568e-02   5.5659369e-07   7.7655271e+03  -3.0393089e-02   1.5707206e+00   1.5562507e+05  -9.1461509e-02   5.4054071e+03   1.8720319e+04   2.8753859e-01
   2.1000000e+01   6.4530798e+06   2.5309182e-02   6.5337650e-07   7.7630202e+03  -3.0320135e-02   1.5707111e+00   1.6338577e+05  -9.5799640e-02   5.5816529e+03   1.9330704e+04   2.8742148e-01
   2.2000000e+01   6.4528448e+06   2.6511446e-02   7.6202479e-07   7.7604215e+03  -3.0244664e-02   1.5707008e+00   1.7114394e+05  -1.0013538e-01   5.7629850e+03   1.9958704e+04   2.8729903e-01
   2.3000000e+01   6.4526105e+06   2.7713348e-02   8.8348735e-07   7.7577285e+03  -3.0166611e-02   1.5706897e+00   1.7889949e+05  -1.0446861e-01   5.9495038e+03   2.0604666e+04   2.8717125e-01
   2.4000000e+01   6.4523768e+06   2.8914871e-02   1.0187595e-06   7.7549384e+03  -3.0085907e-02   1.5706777e+00   1.8665231e+05  -1.0879923e-01   6.1413085e+03   2.1268936e+04   2.8703816e-01
   2.5000000e+01   6.4521439e+06   3.0116001e-02   1.1688850e-06   7.7520485e+03  -3.0002487e-02   1.5706649e+00   1.9440231e+05  -1.1312713e-01   6.3384967e+03   2.1951849e+04   2.8689978e-01
   2.6000000e+01   6.4519117e+06   3.1316722e-02   1.3349570e-06   7.7490560e+03  -2.9916279e-02   1.5706511e+00   2.0214939e+05  -1.1745220e-01   6.5411640e+03   2.2653738e+04   2.8675612e-01
   2.7000000e+01   6.4516803e+06   3.2517017e-02   1.5181206e-06   7.7459580e+03  -2.9827215e-02   1.5706363e+00   2.0989345e+05  -1.2177434e-01   6.7494039e+03   2.3374927e+04   2.8660720e-01
   2.8000000e+01   6.4514497e+06   3.3716870e-02   1.7195739e-06   7.7427517e+03  -2.9735224e-02   1.5706205e+00   2.1763438e+05  -1.2609343e-01   6.9633074e+03   2.4115730e+04   2.8645303e-01
   2.9000000e+01   6.4512200e+06   3.4916264e-02   1.9405700e-06   7.7394341e+03  -2.9640235e-02   1.5706036e+00   2.2537207e+05  -1.3040937e-01   7.1829623e+03   2.4876451e+04   2.8629364e-01
   3.0000000e+01   6.4509910e+06   3.6115181e-02   2.1824186e-06   7.7360023e+03  -2.9542177e-02   1.5705855e+00   2.3310642e+05  -1.3472205e-01   7.4084533e+03   2.5657385e+04   2.8612905e-01
   3.1000000e+01   6.4507630e+06   3.7313603e-02   2.4464876e-06   7.7324532e+03  -2.9440976e-02   1.5705663e+00   2.4083729e+05  -1.3903136e-01   7.6398613e+03   2.6458811e+04   2.8595926e-01
   3.2000000e+01   6.4505358e+06   3.8511512e-02   2.7342052e-06   7.7287837e+03  -2.9336560e-02   1.5705459e+00   2.4856458e+05  -1.4333720e-01   7.8772634e+03   2.7280995e+04   2.8578431e-01
   3.3000000e+01   6.4503096e+06   3.9708889e-02   3.0470613e-06   7.7249908e+03  -2.9228856e-02   1.5705241e+00   2.5628816e+05  -1.4763945e-01   8.1207316e+03   2.8124188e+04   2.8560422e-01
   3.4000000e+01   6.4500843e+06   4.0905713e-02   3.3866095e-06   7.7210712e+03  -2.9117790e-02   1.5705010e+00   2.6400792e+05  -1.5193801e-01   8.3703334e+03   2.8988624e+04   2.8541900e-01
   3.5000000e+01   6.4498600e+06   4.2101966e-02   3.7544684e-06   7.7170220e+03  -2.9003290e-02   1.5704765e+00   2.7172372e+05  -1.5623278e-01   8.6261307e+03   2.9874516e+04   2.8522867e-01
   3.6000000e+01   6.4496367e+06   4.3297627e-02   4.1523237e-06   7.7128397e+03  -2.8885280e-02   1.5704505e+00   2.7943543e+05  -1.6052363e-01   8.8881793e+03   3.0782058e+04   2.8503326e-01
   3.7000000e+01   6.4494145e+06   4.4492674e-02   4.5819298e-06   7.7085213e+03  -2.8763689e-02   1.5704230e+00   2.8714292e+05  -1.6481048e-01   9.1565289e+03   3.1711422e+04   2.8483280e-01
   3.8000000e+01   6.4491933e+06   4.5687087e-02   5.0451115e-06   7.7040634e+03  -2.8638441e-02   1.5703939e+00   2.9484605e+05  -1.6909320e-01   9.4312220e+03   3.2662755e+04   2.8462730e-01
   3.9000000e+01   6.4489733e+06   4.6880843e-02   5.5437655e-06   7.6994628e+03  -2.8509465e-02   1.5703631e+00   3.0254468e+05  -1.7337170e-01   9.7122938e+03   3.3636179e+04   2.8441680e-01
   4.0000000e+01   6.4487544e+06   4.8073919e-02   6.0798621e-06   7.6947162e+03  -2.8376687e-02   1.5703307e+00   3.1023867e+05  -1.7764586e-01   9.9997714e+03   3.4631788e+04   2.8420130e-01
   4.1000000e+01   6.4485367e+06   4.9266293e-02   6.6554467e-06   7.6898203e+03  -2.8240036e-02   1.5702964e+00   3.1792787e+05  -1.8191558e-01   1.0293673e+04   3.5649647e+04   2.8398085e-01
   4.2000000e+01   6.4483201e+06   5.0457941e-02   7.2726415e-06   7.6847717e+03  -2.8099441e-02   1.5702602e+00   3.2561213e+05  -1.8618075e-01   1.0594010e+04   3.6689788e+04   2.8375546e-01
   4.3000000e+01   6.4481049e+06   5.1648840e-02   7.9336467e-06   7.6795672e+03  -2.7954832e-02   1.5702221e+00   3.3329129e+05  -1.9044127e-01   1.0900780e+04   3.7752212e+04   2.8352517e-01
   4.4000000e+01   6.4478908e+06   5.2838963e-02   8.6407423e-06   7.6742034e+03  -2.7806139e-02   1.5701820e+00   3.4096521e+05  -1.9469703e-01   1.1213974e+04   3.8836884e+04   2.8328999e-01
   4.5000000e+01   6.4476781e+06   5.4028287e-02   9.3962890e-06   7.6686770e+03  -2.7653295e-02   1.5701399e+00   3.4863371e+05  -1.9894792e-01   1.1533570e+04   3.9943730e+04   2.8304997e-01
   4.6000000e+01   6.4474668e+06   5.5216785e-02   1.0202730e-05   7.6629848e+03  -2.7496233e-02   1.5700955e+00   3.5629664e+05  -2.0319384e-01   1.1859538e+04   4.1072639e+04   2.8280511e-01
   4.7000000e+01   6.4472568e+06   5.6404432e-02   1.1062590e-05   7.6571234e+03  -2.7334890e-02   1.5700489e+00   3.6395383e+05  -2.0743467e-01   1.2191831e+04   4.2223457e+04   2.8255546e-01
   4.8000000e+01   6.4470482e+06   5.7591200e-02   1.1978481e-05   7.6510897e+03  -2.7169203e-02   1.5700000e+00   3.7160511e+05  -2.1167032e-01   1.2530395e+04   4.3395991e+04   2.8230105e-01
   4.9000000e+01   6.4468411e+06   5.8777063e-02   1.2953099e-05   7.6448803e+03  -2.6999112e-02   1.5699487e+00   3.7925030e+05  -2.1590068e-01   1.2875159e+04   4.4589998e+04   2.8204190e-01
   5.0000000e+01   6.4466355e+06   5.9961993e-02   1.3989226e-05   7.6384922e+03  -2.6824558e-02   1.5698949e+00   3.8688924e+05  -2.2012565e-01   1.3226041e+04   4.5805191e+04   2.8177803e-01
   5.1000000e+01   6.4464314e+06   6.1145961e-02   1.5089730e-05   7.6319221e+03  -2.6645486e-02   1.5698385e+00   3.9452173e+05  -2.2434510e-01   1.3582943e+04   4.7041236e+04   2.8150950e-01
   5.2000000e+01   6.4462288e+06   6.2328939e-02   1.6257568e-05   7.6251670e+03  -2.6461845e-02   1.5697795e+00   4.0214760e+05  -2.2855895e-01   1.3945755e+04   4.8297747e+04   2.8123632e-01
   5.3000000e+01   6.4460279e+06   6.3510898e-02   1.7495786e-05   7.6182239e+03  -2.6273584e-02   1.5697177e+00   4.0976666e+05  -2.3276709e-01   1.4314350e+04   4.9574287e+04   2.8095852e-01
   5.4000000e+01   6.4458286e+06   6.4691807e-02   1.8807515e-05   7.6110899e+03  -2.6080658e-02   1.5696531e+00   4.1737873e+05  -2.3696941e-01   1.4688587e+04   5.0870367e+04   2.8067614e-01
   5.5000000e+01   6.4456309e+06   6.5871638e-02   2.0195978e-05   7.6037619e+03  -2.5883024e-02   1.5695856e+00   4.2498360e+05  -2.4116580e-01   1.5068309e+04   5.2185441e+04   2.8038922e-01
   5.6000000e+01   6.4454350e+06   6.7050359e-02   2.1664485e-05   7.5962373e+03  -2.5680644e-02   1.5695151e+00   4.3258109e+05  -2.4535616e-01   1.5453342e+04   5.3518910e+04   2.8009778e-01
   5.7000000e+01   6.4452408e+06   6.8227939e-02   2.3216434e-05   7.5885133e+03  -2.5473484e-02   1.5694414e+00   4.4017100e+05  -2.4954039e-01   1.5843497e+04   5.4870118e+04   2.7980186e-01
   5.8000000e+01   6.4450485e+06   6.9404347e-02   2.4855311e-05   7.5805874e+03  -2.5261514e-02   1.5693646e+00   4.4775313e+05  -2.5371838e-01   1.6238568e+04   5.6238350e+04   2.7950150e-01
   5.9000000e+01   6.4448579e+06   7.0579551e-02   2.6584690e-05   7.5724570e+03  -2.5044708e-02   1.5692846e+00   4.5532727e+05  -2.5789003e-01   1.6638332e+04   5.7622835e+04   2.7919672e-01
   6.0000000e+01   6.4446692e+06   7.1753519e-02   2.8408233e-05   7.5641198e+03  -2.4823047e-02   1.5692011e+00   4.6289323e+05  -2.6205523e-01   1.7042549e+04   5.9022742e+04   2.7888756e-01
   6.1000000e+01   6.4444824e+06   7.2926218e-02   3.0329684e-05   7.5555735e+03  -2.4596515e-02   1.5691142e+00   4.7045078e+05  -2.6621388e-01   1.7450961e+04   6.0437181e+04   2.7857407e-01
   6.2000000e+01   6.4442976e+06   7.4097615e-02   3.2352876e-05   7.5468159e+03  -2.4365103e-02   1.5690237e+00   4.7799973e+05  -2.7036587e-01   1.7863296e+04   6.1865203e+04   2.7825627e-01
   6.3000000e+01   6.4441147e+06   7.5267676e-02   3.4481723e-05   7.5378453e+03  -2.4128807e-02   1.5689297e+00   4.8553986e+05  -2.7451111e-01   1.8279262e+04   6.3305801e+04   2.7793420e-01
   6.4000000e+01   6.4439339e+06   7.6436369e-02   3.6720219e-05   7.5286596e+03  -2.3887631e-02   1.5688318e+00   4.9307096e+05  -2.7864948e-01   1.8698552e+04   6.4757909e+04   2.7760790e-01
   6.5000000e+01   6.4437551e+06   7.7603659e-02   3.9072441e-05   7.5192572e+03  -2.3641581e-02   1.5687302e+00   5.0059281e+05  -2.8278089e-01   1.9120841e+04   6.6220403e+04   2.7727741e-01
   6.6000000e+01   6.4435784e+06   7.8769513e-02   4.1542543e-05   7.5096368e+03  -2.3390675e-02   1.5686246e+00   5.0810520e+05  -2.8690522e-01   1.9545787e+04   6.7692104e+04   2.7694277e-01
   6.7000000e+01   6.4434038e+06   7.9933895e-02   4.4134752e-05   7.4997968e+03  -2.3134933e-02   1.5685151e+00   5.1560791e+05  -2.9102239e-01   1.9973035e+04   6.9171774e+04   2.7660400e-01
   6.8000000e+01   6.4432314e+06   8.1096771e-02   4.6853370e-05   7.4897364e+03  -2.2874385e-02   1.5684014e+00   5.2310071e+05  -2.9513228e-01   2.0402213e+04   7.0658126e+04   2.7626116e-01
   6.9000000e+01   6.4430612e+06   8.2258107e-02   4.9702769e-05   7.4794544e+03  -2.2609067e-02   1.5682836e+00   5.3058339e+05  -2.9923479e-01   2.0832932e+04   7.2149817e+04   2.7591429e-01
   7.0000000e+01   6.4428932e+06   8.3417867e-02   5.2687388e-05   7.4689501e+03  -2.2339024e-02   1.5681616e+00   5.3805572e+05  -3.0332982e-01   2.1264791e+04   7.3645458e+04   2.7556341e-01
   7.1000000e+01   6.4427275e+06   8.4576017e-02   5.5811728e-05   7.4582231e+03  -2.2064307e-02   1.5680352e+00   5.4551748e+05  -3.0741726e-01   2.1697376e+04   7.5143610e+04   2.7520857e-01
   7.2000000e+01   6.4425642e+06   8.5732521e-02   5.9080353e-05   7.4472731e+03  -2.1784975e-02   1.5679044e+00   5.5296846e+05  -3.1149702e-01   2.2130258e+04   7.6642791e+04   2.7484982e-01
   7.3000000e+01   6.4424031e+06   8.6887344e-02   6.2497883e-05   7.4360999e+03  -2.1501096e-02   1.5677691e+00   5.6040842e+05  -3.1556900e-01   2.2562997e+04   7.8141478e+04   2.7448719e-01
   7.4000000e+01   6.4422444e+06   8.8040452e-02   6.6068988e-05   7.4247037e+03  -2.1212747e-02   1.5676292e+00   5.6783715e+05  -3.1963308e-01   2.2995142e+04   7.9638110e+04   2.7412072e-01
   7.5000000e+01   6.4420881e+06   8.9191808e-02   6.9798389e-05   7.4130849e+03  -2.0920011e-02   1.5674847e+00   5.7525441e+05  -3.2368917e-01   2.3426234e+04   8.1131092e+04   2.7375046e-01
   7.6000000e+01   6.4419343e+06   9.0341378e-02   7.3690850e-05   7.4012440e+03  -2.0622980e-02   1.5673354e+00   5.8266000e+05  -3.2773717e-01   2.3855803e+04   8.2618800e+04   2.7337645e-01
   7.7000000e+01   6.4417829e+06   9.1489126e-02   7.7751175e-05   7.3891820e+03  -2.0321757e-02   1.5671814e+00   5.9005368e+05  -3.3177698e-01   2.4283373e+04   8.4099584e+04   2.7299873e-01
   7.8000000e+01   6.4416340e+06   9.2635019e-02   8.1984202e-05   7.3769000e+03  -2.0016452e-02   1.5670225e+00   5.9743524e+05  -3.3580849e-01   2.4708460e+04   8.5571772e+04   2.7261735e-01
   7.9000000e+01   6.4414876e+06   9.3779021e-02   8.6394798e-05   7.3643992e+03  -1.9707183e-02   1.5668588e+00   6.0480445e+05  -3.3983161e-01   2.5130579e+04   8.7033677e+04   2.7223234e-01
   8.0000000e+01   6.4413438e+06   9.4921098e-02   9.0987856e-05   7.3516813e+03  -1.9394077e-02   1.5666900e+00   6.1216110e+05  -3.4384623e-01   2.5549238e+04   8.8483602e+04   2.7184375e-01
   8.1000000e+01   6.4412025e+06   9.6061216e-02   9.5768287e-05   7.3387482e+03  -1.9077272e-02   1.5665163e+00   6.1950498e+05  -3.4785226e-01   2.5963945e+04   8.9919841e+04   2.7145162e-01
   8.2000000e+01   6.4410638e+06   9.7199341e-02   1.0074102e-04   7.3256019e+03  -1.8756911e-02   1.5663374e+00   6.2683586e+05  -3.5184959e-01   2.6374209e+04   9.1340690e+04   2.7105601e-01
   8.3000000e+01   6.4409277e+06   9.8335438e-02   1.0591097e-04   7.3122448e+03  -1.8433148e-02   1.5661535e+00   6.3415353e+05  -3.5583812e-01   2.6779539e+04   9.2744451e+04   2.7065695e-01
   8.4000000e+01   6.4407942e+06   9.9469476e-02   1.1128310e-04   7.2986796e+03  -1.8106146e-02   1.5659643e+00   6.4145779e+05  -3.5981776e-01   2.7179446e+04   9.4129432e+04   2.7025449e-01
   8.5000000e+01   6.4406634e+06   1.0060142e-01   1.1686231e-04   7.2849089e+03  -1.7776076e-02   1.5657700e+00   6.4874843e+05  -3.6378840e-01   2.7573448e+04   9.5493964e+04   2.6984867e-01
   8.6000000e+01   6.4405352e+06   1.0173124e-01   1.2265355e-04   7.2709361e+03  -1.7443115e-02   1.5655705e+00   6.5602524e+05  -3.6774995e-01   2.7961069e+04   9.6836394e+04   2.6943954e-01
   8.7000000e+01   6.4404098e+06   1.0285890e-01   1.2866171e-04   7.2567643e+03  -1.7107452e-02   1.5653657e+00   6.6328803e+05  -3.7170230e-01   2.8341839e+04   9.8155101e+04   2.6902715e-01
   8.8000000e+01   6.4402870e+06   1.0398438e-01   1.3489167e-04   7.2423972e+03  -1.6769281e-02   1.5651556e+00   6.7053658e+05  -3.7564537e-01   2.8715301e+04   9.9448496e+04   2.6861154e-01
   8.9000000e+01   6.4401669e+06   1.0510763e-01   1.4134831e-04   7.2278386e+03  -1.6428805e-02   1.5649403e+00   6.7777072e+05  -3.7957904e-01   2.9081007e+04   1.0071503e+05   2.6819276e-01
   9.0000000e+01   6.4400495e+06   1.0622864e-01   1.4803643e-04   7.2130926e+03  -1.6086235e-02   1.5647196e+00   6.8499025e+05  -3.8350322e-01   2.9438523e+04   1.0195320e+05   2.6777085e-01
   9.1000000e+01   6.4399348e+06   1.0734736e-01   1.5496082e-04   7.1981633e+03  -1.5741787e-02   1.5644936e+00   6.9219498e+05  -3.8741781e-01   2.9787428e+04   1.0316155e+05   2.6734586e-01
   9.2000000e+01   6.4398229e+06   1.0846378e-01   1.6212622e-04   7.1830553e+03  -1.5395687e-02   1.5642623e+00   6.9938473e+05  -3.9132272e-01   3.0127319e+04   1.0433868e+05   2.6691785e-01
   9.3000000e+01   6.4397137e+06   1.0957787e-01   1.6953732e-04   7.1677732e+03  -1.5048164e-02   1.5640256e+00   7.0655933e+05  -3.9521784e-01   3.0457810e+04   1.0548325e+05   2.6648685e-01
   9.4000000e+01   6.4396072e+06   1.1068959e-01   1.7719875e-04   7.1523220e+03  -1.4699457e-02   1.5637837e+00   7.1371860e+05  -3.9910308e-01   3.0778533e+04   1.0659400e+05   2.6605292e-01
   9.5000000e+01   6.4395034e+06   1.1179892e-01   1.8511507e-04   7.1367066e+03  -1.4349807e-02   1.5635364e+00   7.2086237e+05  -4.0297835e-01   3.1089141e+04   1.0766972e+05   2.6561610e-01
   9.6000000e+01   6.4394023e+06   1.1290583e-01   1.9329079e-04   7.1209323e+03  -1.3999463e-02   1.5632839e+00   7.2799049e+05  -4.0684354e-01   3.1389309e+04   1.0870927e+05   2.6517645e-01
   9.7000000e+01   6.4393040e+06   1.1401031e-01   2.0173033e-04   7.1050045e+03  -1.3648679e-02   1.5630260e+00   7.3510279e+05  -4.1069856e-01   3.1678732e+04   1.0971162e+05   2.6473400e-01
   9.8000000e+01   6.4392084e+06   1.1511231e-01   2.1043804e-04   7.0889287e+03  -1.3297711e-02   1.5627630e+00   7.4219912e+05  -4.1454332e-01   3.1957132e+04   1.1067579e+05   2.6428882e-01
   9.9000000e+01   6.4391155e+06   1.1621183e-01   2.1941817e-04   7.0727106e+03  -1.2946822e-02   1.5624948e+00   7.4927934e+05  -4.1837771e-01   3.2224253e+04   1.1160090e+05   2.6384094e-01
   1.0000000e+02   6.4390253e+06   1.1730884e-01   2.2867491e-04   7.0563560e+03  -1.2596277e-02   1.5622214e+00   7.5634331e+05  -4.2220164e-01   3.2479865e+04   1.1248615e+05   2.6339042e-01
   1.0100000e+02   6.4389377e+06   1.1840332e-01   2.3821233e-04   7.0398708e+03  -1.2246344e-02   1.5619429e+00   7.6339089e+05  -4.2601501e-01   3.2723764e+04   1.1333084e+05   2.6293732e-01
   1.0200000e+02   6.4388528e+06   1.1949524e-01   2.4803441e-04   7.0232611e+03  -1.1897294e-02   1.5616593e+00   7.7042196e+05  -4.2981774e-01   3.2955772e+04   1.1413434e+05   2.6248166e-01
   1.0300000e+02   6.4387706e+06   1.2058459e-01   2.5814504e-04   7.0065329e+03  -1.1549401e-02   1.5613707e+00   7.7743638e+05  -4.3360972e-01   3.3175739e+04   1.1489614e+05   2.6202352e-01
   1.0400000e+02   6.4386910e+06   1.2167135e-01   2.6854800e-04   6.9896924e+03  -1.1202939e-02   1.5610771e+00   7.8443405e+05  -4.3739086e-01   3.3383540e+04   1.1561581e+05   2.6156294e-01
   1.0500000e+02   6.4386140e+06   1.2275550e-01   2.7924694e-04   6.9727459e+03  -1.0858183e-02   1.5607786e+00   7.9141485e+05  -4.4116106e-01   3.3579081e+04   1.1629302e+05   2.6109996e-01
   1.0600000e+02   6.4385396e+06   1.2383702e-01   2.9024543e-04   6.9556997e+03  -1.0515410e-02   1.5604753e+00   7.9837868e+05  -4.4492024e-01   3.3762291e+04   1.1692752e+05   2.6063464e-01
   1.0700000e+02   6.4384677e+06   1.2491591e-01   3.0154690e-04   6.9385600e+03  -1.0174896e-02   1.5601672e+00   8.0532545e+05  -4.4866829e-01   3.3933130e+04   1.1751918e+05   2.6016703e-01
   1.0800000e+02   6.4383983e+06   1.2599213e-01   3.1315467e-04   6.9213331e+03  -9.8369171e-03   1.5598545e+00   8.1225506e+05  -4.5240513e-01   3.4091584e+04   1.1806795e+05   2.5969719e-01
   1.0900000e+02   6.4383315e+06   1.2706569e-01   3.2507194e-04   6.9040255e+03  -9.5017473e-03   1.5595371e+00   8.1916742e+05  -4.5613066e-01   3.4237663e+04   1.1857386e+05   2.5922515e-01
   1.1000000e+02   6.4382671e+06   1.2813656e-01   3.3730179e-04   6.8866435e+03  -9.1696600e-03   1.5592152e+00   8.2606246e+05  -4.5984478e-01   3.4371408e+04   1.1903705e+05   2.5875098e-01
   1.1100000e+02   6.4382052e+06   1.2920473e-01   3.4984718e-04   6.8691932e+03  -8.8409265e-03   1.5588888e+00   8.3294010e+05  -4.6354740e-01   3.4492883e+04   1.1945775e+05   2.5827473e-01
   1.1200000e+02   6.4381457e+06   1.3027020e-01   3.6271093e-04   6.8516811e+03  -8.5158152e-03   1.5585580e+00   8.3980029e+05  -4.6723844e-01   3.4602177e+04   1.1983627e+05   2.5779644e-01
   1.1300000e+02   6.4380885e+06   1.3133296e-01   3.7589574e-04   6.8341133e+03  -8.1945918e-03   1.5582230e+00   8.4664295e+05  -4.7091780e-01   3.4699405e+04   1.2017299e+05   2.5731616e-01
   1.1400000e+02   6.4380336e+06   1.3239299e-01   3.8940419e-04   6.8164959e+03  -7.8775187e-03   1.5578837e+00   8.5346804e+05  -4.7458538e-01   3.4784705e+04   1.2046841e+05   2.5683396e-01
   1.1500000e+02   6.4379811e+06   1.3345029e-01   4.0323873e-04   6.7988350e+03  -7.5648540e-03   1.5575404e+00   8.6027550e+05  -4.7824110e-01   3.4858236e+04   1.2072306e+05   2.5634988e-01
   1.1600000e+02   6.4379308e+06   1.3450484e-01   4.1740167e-04   6.7811367e+03  -7.2568520e-03   1.5571930e+00   8.6706531e+05  -4.8188487e-01   3.4920181e+04   1.2093760e+05   2.5586398e-01
   1.1700000e+02   6.4378827e+06   1.3555665e-01   4.3189521e-04   6.7634068e+03  -6.9537620e-03   1.5568418e+00   8.7383741e+05  -4.8551658e-01   3.4970743e+04   1.2111271e+05   2.5537630e-01
   1.1800000e+02   6.4378367e+06   1.3660571e-01   4.4672140e-04   6.7456511e+03  -6.6558282e-03   1.5564867e+00   8.8059178e+05  -4.8913616e-01   3.5010145e+04   1.2124916e+05   2.5488690e-01
   1.1900000e+02   6.4377928e+06   1.3765202e-01   4.6188218e-04   6.7278753e+03  -6.3632897e-03   1.5561279e+00   8.8732841e+05  -4.9274351e-01   3.5038625e+04   1.2134780e+05   2.5439583e-01
   1.2000000e+02   6.4377511e+06   1.3869556e-01   4.7737937e-04   6.7100849e+03  -6.0763794e-03   1.5557655e+00   8.9404726e+05  -4.9633854e-01   3.5056444e+04   1.2140951e+05   2.5390314e-01
   1.2100000e+02   6.4377113e+06   1.3973635e-01   4.9321465e-04   6.6922854e+03  -5.7953245e-03   1.5553996e+00   9.0074833e+05  -4.9992117e-01   3.5063874e+04   1.2143524e+05   2.5340889e-01
   1.2200000e+02   6.4376735e+06   1.4077437e-01   5.0938958e-04   6.6744820e+03  -5.5203456e-03   1.5550303e+00   9.0743160e+05  -5.0349129e-01   3.5061205e+04   1.2142600e+05   2.5291313e-01
   1.2300000e+02   6.4376376e+06   1.4180963e-01   5.2590561e-04   6.6566798e+03  -5.2516566e-03   1.5546577e+00   9.1409709e+05  -5.0704883e-01   3.5048737e+04   1.2138282e+05   2.5241591e-01
   1.2400000e+02   6.4376035e+06   1.4284212e-01   5.4276405e-04   6.6388839e+03  -4.9894648e-03   1.5542818e+00   9.2074478e+05  -5.1059369e-01   3.5026786e+04   1.2130680e+05   2.5191728e-01
   1.2500000e+02   6.4375713e+06   1.4387186e-01   5.5996611e-04   6.6210990e+03  -4.7339702e-03   1.5539029e+00   9.2737469e+05  -5.1412579e-01   3.4995677e+04   1.2119906e+05   2.5141730e-01
   1.2600000e+02   6.4375408e+06   1.4489883e-01   5.7751288e-04   6.6033298e+03  -4.4853655e-03   1.5535209e+00   9.3398683e+05  -5.1764503e-01   3.4955745e+04   1.2106076e+05   2.5091602e-01
   1.2700000e+02   6.4375120e+06   1.4592304e-01   5.9540534e-04   6.5855807e+03  -4.2438361e-03   1.5531360e+00   9.4058123e+05  -5.2115134e-01   3.4907333e+04   1.2089310e+05   2.5041349e-01
   1.2800000e+02   6.4374849e+06   1.4694449e-01   6.1364435e-04   6.5678561e+03  -4.0095595e-03   1.5527483e+00   9.4715789e+05  -5.2464461e-01   3.4850791e+04   1.2069728e+05   2.4990977e-01
   1.2900000e+02   6.4374594e+06   1.4796319e-01   6.3223068e-04   6.5501600e+03  -3.7827059e-03   1.5523579e+00   9.5371684e+05  -5.2812477e-01   3.4786477e+04   1.2047455e+05   2.4940491e-01
   1.3000000e+02   6.4374353e+06   1.4897915e-01   6.5116497e-04   6.5324965e+03  -3.5634373e-03   1.5519649e+00   9.6025812e+05  -5.3159172e-01   3.4714753e+04   1.2022614e+05   2.4889896e-01
   1.3100000e+02   6.4374128e+06   1.4999236e-01   6.7044780e-04   6.5148692e+03  -3.3519081e-03   1.5515693e+00   9.6678176e+05  -5.3504539e-01   3.4635982e+04   1.1995334e+05   2.4839198e-01
   1.3200000e+02   6.4373916e+06   1.5100283e-01   6.9007960e-04   6.4972818e+03  -3.1482644e-03   1.5511713e+00   9.7328780e+05  -5.3848568e-01   3.4550534e+04   1.1965741e+05   2.4788401e-01
   1.3300000e+02   6.4373718e+06   1.5201057e-01   7.1006076e-04   6.4797376e+03  -2.9526447e-03   1.5507709e+00   9.7977628e+05  -5.4191250e-01   3.4458778e+04   1.1933964e+05   2.4737511e-01
   1.3400000e+02   6.4373533e+06   1.5301558e-01   7.3039154e-04   6.4622398e+03  -2.7651794e-03   1.5503683e+00   9.8624723e+05  -5.4532578e-01   3.4361084e+04   1.1900130e+05   2.4686534e-01
   1.3500000e+02   6.4373361e+06   1.5401788e-01   7.5107212e-04   6.4447914e+03  -2.5859908e-03   1.5499635e+00   9.9270072e+05  -5.4872543e-01   3.4257823e+04   1.1864368e+05   2.4635474e-01
   1.3600000e+02   6.4373200e+06   1.5501746e-01   7.7210262e-04   6.4273953e+03  -2.4151934e-03   1.5495566e+00   9.9913679e+05  -5.5211136e-01   3.4149363e+04   1.1826805e+05   2.4584338e-01
   1.3700000e+02   6.4373050e+06   1.5601434e-01   7.9348304e-04   6.4100541e+03  -2.2528937e-03   1.5491478e+00   1.0055555e+06  -5.5548348e-01   3.4036071e+04   1.1787569e+05   2.4533130e-01
   1.3800000e+02   6.4372911e+06   1.5700852e-01   8.1521334e-04   6.3927702e+03  -2.0991905e-03   1.5487369e+00   1.0119569e+06  -5.5884172e-01   3.3918311e+04   1.1746786e+05   2.4481855e-01
   1.3900000e+02   6.4372782e+06   1.5800002e-01   8.3729340e-04   6.3755458e+03  -1.9541746e-03   1.5483242e+00   1.0183410e+06  -5.6218599e-01   3.3796444e+04   1.1704580e+05   2.4430520e-01
   1.4000000e+02   6.4372662e+06   1.5898884e-01   8.5972300e-04   6.3583832e+03  -1.8179295e-03   1.5479097e+00   1.0247080e+06  -5.6551620e-01   3.3670825e+04   1.1661075e+05   2.4379128e-01
   1.4100000e+02   6.4372550e+06   1.5997500e-01   8.8250190e-04   6.3412842e+03  -1.6905309e-03   1.5474935e+00   1.0310578e+06  -5.6883227e-01   3.3541807e+04   1.1616393e+05   2.4327687e-01
   1.4200000e+02   6.4372447e+06   1.6095849e-01   9.0562977e-04   6.3242504e+03  -1.5720471e-03   1.5470757e+00   1.0373905e+06  -5.7213413e-01   3.3409736e+04   1.1570653e+05   2.4276200e-01
   1.4300000e+02   6.4372351e+06   1.6193934e-01   9.2910623e-04   6.3072836e+03  -1.4625391e-03   1.5466562e+00   1.0437063e+06  -5.7542168e-01   3.3274952e+04   1.1523974e+05   2.4224673e-01
   1.4400000e+02   6.4372262e+06   1.6291755e-01   9.5293084e-04   6.2903850e+03  -1.3620608e-03   1.5462353e+00   1.0500051e+06  -5.7869484e-01   3.3137788e+04   1.1476471e+05   2.4173111e-01
   1.4500000e+02   6.4372180e+06   1.6389313e-01   9.7710312e-04   6.2735559e+03  -1.2706591e-03   1.5458128e+00   1.0562871e+06  -5.8195354e-01   3.2998573e+04   1.1428257e+05   2.4121520e-01
   1.4600000e+02   6.4372103e+06   1.6486610e-01   1.0016225e-03   6.2567973e+03  -1.1883740e-03   1.5453889e+00   1.0625522e+06  -5.8519769e-01   3.2857627e+04   1.1379444e+05   2.4069905e-01
   1.4700000e+02   6.4372031e+06   1.6583645e-01   1.0264885e-03   6.2401101e+03  -1.1152387e-03   1.5449637e+00   1.0688007e+06  -5.8842721e-01   3.2715262e+04   1.1330139e+05   2.4018271e-01
   1.4800000e+02   6.4371963e+06   1.6680422e-01   1.0517004e-03   6.2234950e+03  -1.0512802e-03   1.5445371e+00   1.0750325e+06  -5.9164202e-01   3.2571784e+04   1.1280449e+05   2.3966624e-01
   1.4900000e+02   6.4371900e+06   1.6776940e-01   1.0772576e-03   6.2069527e+03  -9.9651895e-04   1.5441093e+00   1.0812477e+06  -5.9484203e-01   3.2427490e+04   1.1230476e+05   2.3914968e-01
   1.5000000e+02   6.4371839e+06   1.6873200e-01   1.1031595e-03   6.1904835e+03  -9.5096927e-04   1.5436802e+00   1.0874464e+06  -5.9802718e-01   3.2282670e+04   1.1180322e+05   2.3863309e-01
   1.5100000e+02   6.4371782e+06   1.6969204e-01   1.1294052e-03   6.1740878e+03  -9.1463957e-04   1.5432499e+00   1.0936287e+06  -6.0119738e-01   3.2137606e+04   1.1130082e+05   2.3811652e-01
   1.5200000e+02   6.4371726e+06   1.7064954e-01   1.1559940e-03   6.1577656e+03  -8.8753249e-04   1.5428184e+00   1.0997946e+06  -6.0435254e-01   3.1992569e+04   1.1079852e+05   2.3760002e-01
   1.5300000e+02   6.4371672e+06   1.7160449e-01   1.1829253e-03   6.1415171e+03  -8.6964508e-04   1.5423858e+00   1.1059442e+06  -6.0749260e-01   3.1847826e+04   1.1029724e+05   2.3708365e-01
   1.5400000e+02   6.4371619e+06   1.7255691e-01   1.2101981e-03   6.1253419e+03  -8.6096900e-04   1.5419520e+00   1.1120777e+06  -6.1061747e-01   3.1703633e+04   1.0979786e+05   2.3656746e-01
   1.5500000e+02   6.4371566e+06   1.7350682e-01   1.2378118e-03   6.1092400e+03  -8.6149074e-04   1.5415172e+00   1.1181949e+06  -6.1372707e-01   3.1560239e+04   1.0930125e+05   2.3605149e-01
   1.5600000e+02   6.4371514e+06   1.7445422e-01   1.2657654e-03   6.0932110e+03  -8.7119176e-04   1.5410813e+00   1.1242962e+06  -6.1682133e-01   3.1417883e+04   1.0880823e+05   2.3553581e-01
   1.5700000e+02   6.4371460e+06   1.7539913e-01   1.2940583e-03   6.0772542e+03  -8.9004874e-04   1.5406443e+00   1.1303814e+06  -6.1990017e-01   3.1276798e+04   1.0831962e+05   2.3502045e-01
   1.5800000e+02   6.4371405e+06   1.7634155e-01   1.3226894e-03   6.0613692e+03  -9.1803376e-04   1.5402062e+00   1.1364507e+06  -6.2296352e-01   3.1137209e+04   1.0783619e+05   2.3450548e-01
   1.5900000e+02   6.4371349e+06   1.7728150e-01   1.3516580e-03   6.0455551e+03  -9.5511443e-04   1.5397671e+00   1.1425041e+06  -6.2601128e-01   3.0999330e+04   1.0735868e+05   2.3399095e-01
   1.6000000e+02   6.4371290e+06   1.7821899e-01   1.3809633e-03   6.0298112e+03  -1.0012542e-03   1.5393270e+00   1.1485418e+06  -6.2904340e-01   3.0863372e+04   1.0688782e+05   2.3347689e-01
   1.6100000e+02   6.4371228e+06   1.7915402e-01   1.4106044e-03   6.0141365e+03  -1.0564123e-03   1.5388858e+00   1.1545638e+06  -6.3205980e-01   3.0729534e+04   1.0642430e+05   2.3296338e-01
   1.6200000e+02   6.4371162e+06   1.8008662e-01   1.4405805e-03   5.9985299e+03  -1.1205443e-03   1.5384436e+00   1.1605701e+06  -6.3506039e-01   3.0598011e+04   1.0596880e+05   2.3245045e-01
   1.6300000e+02   6.4371093e+06   1.8101679e-01   1.4708908e-03   5.9829904e+03  -1.1936020e-03   1.5380003e+00   1.1665609e+06  -6.3804510e-01   3.0468987e+04   1.0552196e+05   2.3193816e-01
   1.6400000e+02   6.4371019e+06   1.8194453e-01   1.5015343e-03   5.9675166e+03  -1.2755336e-03   1.5375559e+00   1.1725361e+06  -6.4101387e-01   3.0342643e+04   1.0508440e+05   2.3142656e-01
   1.6500000e+02   6.4370941e+06   1.8286987e-01   1.5325104e-03   5.9521073e+03  -1.3662841e-03   1.5371105e+00   1.1784959e+06  -6.4396660e-01   3.0219151e+04   1.0465672e+05   2.3091569e-01
   1.6600000e+02   6.4370856e+06   1.8379280e-01   1.5638181e-03   5.9367610e+03  -1.4657951e-03   1.5366640e+00   1.1844403e+06  -6.4690324e-01   3.0098677e+04   1.0423948e+05   2.3040562e-01
   1.6700000e+02   6.4370766e+06   1.8471334e-01   1.5954568e-03   5.9214763e+03  -1.5740054e-03   1.5362164e+00   1.1903694e+06  -6.4982371e-01   2.9981379e+04   1.0383325e+05   2.2989638e-01
   1.6800000e+02   6.4370670e+06   1.8563151e-01   1.6274256e-03   5.9062516e+03  -1.6908508e-03   1.5357677e+00   1.1962833e+06  -6.5272793e-01   2.9867412e+04   1.0343855e+05   2.2938803e-01
   1.6900000e+02   6.4370566e+06   1.8654730e-01   1.6597238e-03   5.8910852e+03  -1.8162644e-03   1.5353178e+00   1.2021819e+06  -6.5561583e-01   2.9756922e+04   1.0305590e+05   2.2888062e-01
   1.7000000e+02   6.4370456e+06   1.8746072e-01   1.6923506e-03   5.8759754e+03  -1.9501768e-03   1.5348667e+00   1.2080654e+06  -6.5848735e-01   2.9650051e+04   1.0268577e+05   2.2837420e-01
   1.7100000e+02   6.4370337e+06   1.8837179e-01   1.7253054e-03   5.8609205e+03  -2.0925160e-03   1.5344144e+00   1.2139339e+06  -6.6134240e-01   2.9546935e+04   1.0232866e+05   2.2786881e-01
   1.7200000e+02   6.4370210e+06   1.8928052e-01   1.7585875e-03   5.8459184e+03  -2.2432080e-03   1.5339608e+00   1.2197873e+06  -6.6418091e-01   2.9447707e+04   1.0198501e+05   2.2736451e-01
   1.7300000e+02   6.4370075e+06   1.9018691e-01   1.7921961e-03   5.8309674e+03  -2.4021764e-03   1.5335059e+00   1.2256257e+06  -6.6700283e-01   2.9352491e+04   1.0165525e+05   2.2686134e-01
   1.7400000e+02   6.4369930e+06   1.9109096e-01   1.8261307e-03   5.8160654e+03  -2.5693428e-03   1.5330497e+00   1.2314492e+06  -6.6980806e-01   2.9261410e+04   1.0133981e+05   2.2635936e-01
   1.7500000e+02   6.4369776e+06   1.9199269e-01   1.8603907e-03   5.8012104e+03  -2.7446269e-03   1.5325922e+00   1.2372578e+06  -6.7259656e-01   2.9174581e+04   1.0103910e+05   2.2585860e-01
   1.7600000e+02   6.4369611e+06   1.9289211e-01   1.8949754e-03   5.7864002e+03  -2.9279466e-03   1.5321332e+00   1.2430516e+06  -6.7536823e-01   2.9092117e+04   1.0075351e+05   2.2535913e-01
   1.7700000e+02   6.4369437e+06   1.9378921e-01   1.9298844e-03   5.7716326e+03  -3.1192182e-03   1.5316727e+00   1.2488306e+06  -6.7812303e-01   2.9014128e+04   1.0048341e+05   2.2486098e-01
   1.7800000e+02   6.4369251e+06   1.9468402e-01   1.9651171e-03   5.7569055e+03  -3.3183561e-03   1.5312106e+00   1.2545948e+06  -6.8086087e-01   2.8940718e+04   1.0022917e+05   2.2436421e-01
   1.7900000e+02   6.4369054e+06   1.9557652e-01   2.0006730e-03   5.7422166e+03  -3.5252736e-03   1.5307470e+00   1.2603443e+06  -6.8358168e-01   2.8871992e+04   9.9991155e+04   2.2386886e-01
   1.8000000e+02   6.4368846e+06   1.9646674e-01   2.0365518e-03   5.7275635e+03  -3.7398823e-03   1.5302817e+00   1.2660792e+06  -6.8628541e-01   2.8808046e+04   9.9769695e+04   2.2337497e-01
   1.8100000e+02   6.4368626e+06   1.9735466e-01   2.0727529e-03   5.7129438e+03  -3.9620926e-03   1.5298148e+00   1.2717994e+06  -6.8897199e-01   2.8748979e+04   9.9565129e+04   2.2288261e-01
   1.8200000e+02   6.4368393e+06   1.9824031e-01   2.1092761e-03   5.6983551e+03  -4.1918138e-03   1.5293460e+00   1.2775050e+06  -6.9164133e-01   2.8694882e+04   9.9377780e+04   2.2239181e-01
   1.8300000e+02   6.4368148e+06   1.9912368e-01   2.1461211e-03   5.6837949e+03  -4.4289538e-03   1.5288753e+00   1.2831960e+06  -6.9429339e-01   2.8645849e+04   9.9207964e+04   2.2190262e-01
   1.8400000e+02   6.4367890e+06   2.0000477e-01   2.1832875e-03   5.6692607e+03  -4.6734195e-03   1.5284028e+00   1.2888725e+06  -6.9692809e-01   2.8601966e+04   9.9055987e+04   2.2141508e-01
   1.8500000e+02   6.4367618e+06   2.0088360e-01   2.2207751e-03   5.6547499e+03  -4.9251169e-03   1.5279282e+00   1.2945344e+06  -6.9954537e-01   2.8563322e+04   9.8922152e+04   2.2092925e-01
   1.8600000e+02   6.4367333e+06   2.0176016e-01   2.2585837e-03   5.6402599e+03  -5.1839509e-03   1.5274516e+00   1.3001818e+06  -7.0214515e-01   2.8530000e+04   9.8806751e+04   2.2044517e-01
   1.8700000e+02   6.4367033e+06   2.0263446e-01   2.2967131e-03   5.6257881e+03  -5.4498256e-03   1.5269727e+00   1.3058148e+06  -7.0472739e-01   2.8502085e+04   9.8710074e+04   2.1996288e-01
   1.8800000e+02   6.4366719e+06   2.0350649e-01   2.3351633e-03   5.6113316e+03  -5.7226442e-03   1.5264917e+00   1.3114333e+06  -7.0729200e-01   2.8479659e+04   9.8632404e+04   2.1948243e-01
   1.8900000e+02   6.4366391e+06   2.0437627e-01   2.3739342e-03   5.5968878e+03  -6.0023092e-03   1.5260082e+00   1.3170373e+06  -7.0983894e-01   2.8462801e+04   9.8574022e+04   2.1900386e-01
   1.9000000e+02   6.4366047e+06   2.0524379e-01   2.4130258e-03   5.5824539e+03  -6.2887223e-03   1.5255224e+00   1.3226268e+06  -7.1236813e-01   2.8451592e+04   9.8535201e+04   2.1852722e-01
   1.9100000e+02   6.4365689e+06   2.0610906e-01   2.4524380e-03   5.5680270e+03  -6.5817845e-03   1.5250340e+00   1.3282020e+06  -7.1487950e-01   2.8446109e+04   9.8516215e+04   2.1805255e-01
   1.9200000e+02   6.4365314e+06   2.0697207e-01   2.4921711e-03   5.5536044e+03  -6.8813962e-03   1.5245430e+00   1.3337627e+06  -7.1737301e-01   2.8446432e+04   9.8517334e+04   2.1757990e-01
   1.9300000e+02   6.4364924e+06   2.0783283e-01   2.5322250e-03   5.5391829e+03  -7.1874570e-03   1.5240493e+00   1.3393089e+06  -7.1984858e-01   2.8452638e+04   9.8538825e+04   2.1710931e-01
   1.9400000e+02   6.4364518e+06   2.0869134e-01   2.5726001e-03   5.5247598e+03  -7.4998661e-03   1.5235527e+00   1.3448407e+06  -7.2230616e-01   2.8464803e+04   9.8580955e+04   2.1664083e-01
   1.9500000e+02   6.4364095e+06   2.0954758e-01   2.6132964e-03   5.5103320e+03  -7.8185220e-03   1.5230532e+00   1.3503581e+06  -7.2474568e-01   2.8483004e+04   9.8643989e+04   2.1617450e-01
   1.9600000e+02   6.4363656e+06   2.1040158e-01   2.6543144e-03   5.4958964e+03  -8.1433228e-03   1.5225506e+00   1.3558611e+06  -7.2716708e-01   2.8507317e+04   9.8728192e+04   2.1571035e-01
   1.9700000e+02   6.4363200e+06   2.1125331e-01   2.6956544e-03   5.4814501e+03  -8.4741658e-03   1.5220449e+00   1.3613495e+06  -7.2957030e-01   2.8537819e+04   9.8833828e+04   2.1524844e-01
   1.9800000e+02   6.4362727e+06   2.1210278e-01   2.7373166e-03   5.4669898e+03  -8.8109482e-03   1.5215358e+00   1.3668236e+06  -7.3195528e-01   2.8574586e+04   9.8961162e+04   2.1478881e-01
   1.9900000e+02   6.4362237e+06   2.1294999e-01   2.7793016e-03   5.4525125e+03  -9.1535663e-03   1.5210234e+00   1.3722831e+06  -7.3432196e-01   2.8617695e+04   9.9110459e+04   2.1433150e-01
   2.0000000e+02   6.4361729e+06   2.1379494e-01   2.8216099e-03   5.4380149e+03  -9.5019161e-03   1.5205074e+00   1.3777281e+06  -7.3667029e-01   2.8667222e+04   9.9281985e+04   2.1387654e-01
   2.0100000e+02   6.4361203e+06   2.1463762e-01   2.8642420e-03   5.4234938e+03  -9.8558933e-03   1.5199878e+00   1.3831586e+06  -7.3900019e-01   2.8723245e+04   9.9476008e+04   2.1342399e-01
   2.0200000e+02   6.4360660e+06   2.1547802e-01   2.9071985e-03   5.4089460e+03  -1.0215393e-02   1.5194643e+00   1.3885746e+06  -7.4131163e-01   2.8785842e+04   9.9692797e+04   2.1297389e-01
   2.0300000e+02   6.4360098e+06   2.1631614e-01   2.9504801e-03   5.3943681e+03  -1.0580309e-02   1.5189369e+00   1.3939759e+06  -7.4360453e-01   2.8855090e+04   9.9932622e+04   2.1252626e-01
   2.0400000e+02   6.4359518e+06   2.1715198e-01   2.9940875e-03   5.3797567e+03  -1.0950536e-02   1.5184054e+00   1.3993627e+06  -7.4587884e-01   2.8931069e+04   1.0019575e+05   2.1208117e-01
   2.0500000e+02   6.4358920e+06   2.1798554e-01   3.0380214e-03   5.3651085e+03  -1.1325969e-02   1.5178698e+00   1.4047348e+06  -7.4813450e-01   2.9013857e+04   1.0048247e+05   2.1163864e-01
   2.0600000e+02   6.4358303e+06   2.1881679e-01   3.0822827e-03   5.3504201e+03  -1.1706499e-02   1.5173297e+00   1.4100922e+06  -7.5037146e-01   2.9103534e+04   1.0079305e+05   2.1119871e-01
   2.0700000e+02   6.4357667e+06   2.1964575e-01   3.1268723e-03   5.3356878e+03  -1.2092019e-02   1.5167851e+00   1.4154349e+06  -7.5258966e-01   2.9200181e+04   1.0112776e+05   2.1076143e-01
   2.0800000e+02   6.4357012e+06   2.2047240e-01   3.1717911e-03   5.3209084e+03  -1.2482423e-02   1.5162358e+00   1.4207628e+06  -7.5478905e-01   2.9303879e+04   1.0148689e+05   2.1032684e-01
   2.0900000e+02   6.4356339e+06   2.2129673e-01   3.2170401e-03   5.3060780e+03  -1.2877601e-02   1.5156817e+00   1.4260759e+06  -7.5696956e-01   2.9414710e+04   1.0187073e+05   2.0989497e-01
   2.1000000e+02   6.4355646e+06   2.2211873e-01   3.2626204e-03   5.2911932e+03  -1.3277446e-02   1.5151226e+00   1.4313740e+06  -7.5913116e-01   2.9532756e+04   1.0227955e+05   2.0946586e-01
   2.1100000e+02   6.4354934e+06   2.2293840e-01   3.3085330e-03   5.2762504e+03  -1.3681848e-02   1.5145583e+00   1.4366573e+06  -7.6127377e-01   2.9658101e+04   1.0271365e+05   2.0903955e-01
   2.1200000e+02   6.4354202e+06   2.2375573e-01   3.3547792e-03   5.2612457e+03  -1.4090697e-02   1.5139886e+00   1.4419255e+06  -7.6339735e-01   2.9790828e+04   1.0317332e+05   2.0861609e-01
   2.1300000e+02   6.4353451e+06   2.2457070e-01   3.4013601e-03   5.2461755e+03  -1.4503883e-02   1.5134134e+00   1.4471787e+06  -7.6550185e-01   2.9931022e+04   1.0365885e+05   2.0819550e-01
   2.1400000e+02   6.4352680e+06   2.2538330e-01   3.4482771e-03   5.2310359e+03  -1.4921295e-02   1.5128326e+00   1.4524168e+06  -7.6758721e-01   3.0078766e+04   1.0417053e+05   2.0777782e-01
   2.1500000e+02   6.4351890e+06   2.2619353e-01   3.4955315e-03   5.2158233e+03  -1.5342824e-02   1.5122458e+00   1.4576396e+06  -7.6965338e-01   3.0234148e+04   1.0470865e+05   2.0736310e-01
   2.1600000e+02   6.4351080e+06   2.2700137e-01   3.5431247e-03   5.2005336e+03  -1.5768355e-02   1.5116529e+00   1.4628472e+06  -7.7170031e-01   3.0397251e+04   1.0527352e+05   2.0695137e-01
   2.1700000e+02   6.4350250e+06   2.2780681e-01   3.5910582e-03   5.1851630e+03  -1.6197779e-02   1.5110537e+00   1.4680393e+06  -7.7372794e-01   3.0568161e+04   1.0586543e+05   2.0654267e-01
   2.1800000e+02   6.4349400e+06   2.2860984e-01   3.6393334e-03   5.1697075e+03  -1.6630981e-02   1.5104480e+00   1.4732161e+06  -7.7573624e-01   3.0746965e+04   1.0648467e+05   2.0613702e-01
   2.1900000e+02   6.4348530e+06   2.2941043e-01   3.6879520e-03   5.1541630e+03  -1.7067848e-02   1.5098356e+00   1.4783773e+06  -7.7772514e-01   3.0933748e+04   1.0713155e+05   2.0573448e-01
   2.2000000e+02   6.4347641e+06   2.3020858e-01   3.7369156e-03   5.1385257e+03  -1.7508267e-02   1.5092163e+00   1.4835229e+06  -7.7969459e-01   3.1128595e+04   1.0780635e+05   2.0533506e-01
   2.2100000e+02   6.4346731e+06   2.3100428e-01   3.7862259e-03   5.1227913e+03  -1.7952124e-02   1.5085899e+00   1.4886527e+06  -7.8164456e-01   3.1331591e+04   1.0850938e+05   2.0493882e-01
   2.2200000e+02   6.4345802e+06   2.3179750e-01   3.8358845e-03   5.1069557e+03  -1.8399302e-02   1.5079561e+00   1.4937668e+06  -7.8357498e-01   3.1542821e+04   1.0924093e+05   2.0454578e-01
   2.2300000e+02   6.4344852e+06   2.3258823e-01   3.8858934e-03   5.0910147e+03  -1.8849688e-02   1.5073147e+00   1.4988649e+06  -7.8548582e-01   3.1762369e+04   1.1000128e+05   2.0415597e-01
   2.2400000e+02   6.4343882e+06   2.3337645e-01   3.9362543e-03   5.0749642e+03  -1.9303164e-02   1.5066655e+00   1.5039470e+06  -7.8737701e-01   3.1990316e+04   1.1079072e+05   2.0376944e-01
   2.2500000e+02   6.4342893e+06   2.3416215e-01   3.9869692e-03   5.0587998e+03  -1.9759614e-02   1.5060083e+00   1.5090129e+06  -7.8924852e-01   3.2226744e+04   1.1160953e+05   2.0338622e-01
   2.2600000e+02   6.4341883e+06   2.3494531e-01   4.0380400e-03   5.0425172e+03  -2.0218921e-02   1.5053427e+00   1.5140626e+06  -7.9110031e-01   3.2471733e+04   1.1245799e+05   2.0300633e-01
   2.2700000e+02   6.4340854e+06   2.3572590e-01   4.0894688e-03   5.0261121e+03  -2.0680968e-02   1.5046686e+00   1.5190958e+06  -7.9293231e-01   3.2725360e+04   1.1333636e+05   2.0262981e-01
   2.2800000e+02   6.4339805e+06   2.3650390e-01   4.1412575e-03   5.0095801e+03  -2.1145635e-02   1.5039856e+00   1.5241126e+06  -7.9474449e-01   3.2987701e+04   1.1424492e+05   2.0225670e-01
   2.2900000e+02   6.4338735e+06   2.3727931e-01   4.1934084e-03   4.9929167e+03  -2.1612806e-02   1.5032936e+00   1.5291127e+06  -7.9653680e-01   3.3258828e+04   1.1518390e+05   2.0188703e-01
   2.3000000e+02   6.4337646e+06   2.3805208e-01   4.2459235e-03   4.9761175e+03  -2.2082360e-02   1.5025922e+00   1.5340960e+06  -7.9830920e-01   3.3538811e+04   1.1615355e+05   2.0152083e-01
   2.3100000e+02   6.4336538e+06   2.3882222e-01   4.2988050e-03   4.9591780e+03  -2.2554178e-02   1.5018812e+00   1.5390625e+06  -8.0006164e-01   3.3827717e+04   1.1715411e+05   2.0115813e-01
   2.3200000e+02   6.4335410e+06   2.3958968e-01   4.3520553e-03   4.9420937e+03  -2.3028140e-02   1.5011603e+00   1.5440118e+06  -8.0179408e-01   3.4125608e+04   1.1818578e+05   2.0079896e-01
   2.3300000e+02   6.4334262e+06   2.4035444e-01   4.4056766e-03   4.9248598e+03  -2.3504126e-02   1.5004292e+00   1.5489440e+06  -8.0350648e-01   3.4432543e+04   1.1924878e+05   2.0044335e-01
   2.3400000e+02   6.4333095e+06   2.4111650e-01   4.4596713e-03   4.9074720e+03  -2.3982016e-02   1.4996876e+00   1.5538588e+06  -8.0519878e-01   3.4748575e+04   1.2034328e+05   2.0009134e-01
   2.3500000e+02   6.4331908e+06   2.4187580e-01   4.5140416e-03   4.8899255e+03  -2.4461689e-02   1.4989352e+00   1.5587560e+06  -8.0687096e-01   3.5073753e+04   1.2146945e+05   1.9974295e-01
   2.3600000e+02   6.4330703e+06   2.4263234e-01   4.5687901e-03   4.8722157e+03  -2.4943023e-02   1.4981717e+00   1.5636356e+06  -8.0852297e-01   3.5408119e+04   1.2262745e+05   1.9939822e-01
   2.3700000e+02   6.4329478e+06   2.4338609e-01   4.6239191e-03   4.8543379e+03  -2.5425899e-02   1.4973968e+00   1.5684974e+06  -8.1015476e-01   3.5751709e+04   1.2381739e+05   1.9905717e-01
   2.3800000e+02   6.4328235e+06   2.4413701e-01   4.6794312e-03   4.8362874e+03  -2.5910194e-02   1.4966101e+00   1.5733411e+06  -8.1176630e-01   3.6104554e+04   1.2503938e+05   1.9871984e-01
   2.3900000e+02   6.4326972e+06   2.4488508e-01   4.7353289e-03   4.8180596e+03  -2.6395788e-02   1.4958114e+00   1.5781667e+06  -8.1335754e-01   3.6466673e+04   1.2629350e+05   1.9838624e-01
   2.4000000e+02   6.4325691e+06   2.4563028e-01   4.7916146e-03   4.7996496e+03  -2.6882561e-02   1.4950003e+00   1.5829738e+06  -8.1492845e-01   3.6838082e+04   1.2757978e+05   1.9805642e-01
   2.4100000e+02   6.4324392e+06   2.4637256e-01   4.8482910e-03   4.7810528e+03  -2.7370391e-02   1.4941764e+00   1.5877624e+06  -8.1647899e-01   3.7218785e+04   1.2889825e+05   1.9773039e-01
   2.4200000e+02   6.4323075e+06   2.4711191e-01   4.9053605e-03   4.7622645e+03  -2.7859160e-02   1.4933394e+00   1.5925323e+06  -8.1800911e-01   3.7608776e+04   1.3024889e+05   1.9740819e-01
   2.4300000e+02   6.4321739e+06   2.4784829e-01   4.9628259e-03   4.7432799e+03  -2.8348746e-02   1.4924890e+00   1.5972832e+06  -8.1951879e-01   3.8008041e+04   1.3163165e+05   1.9708984e-01
   2.4400000e+02   6.4320386e+06   2.4858167e-01   5.0206896e-03   4.7240944e+03  -2.8839032e-02   1.4916247e+00   1.6020150e+06  -8.2100798e-01   3.8416554e+04   1.3304644e+05   1.9677537e-01
   2.4500000e+02   6.4319015e+06   2.4931202e-01   5.0789544e-03   4.7047032e+03  -2.9329900e-02   1.4907463e+00   1.6067274e+06  -8.2247664e-01   3.8834275e+04   1.3449311e+05   1.9646481e-01
   2.4600000e+02   6.4317626e+06   2.5003929e-01   5.1376227e-03   4.6851016e+03  -2.9821233e-02   1.4898533e+00   1.6114203e+06  -8.2392474e-01   3.9261155e+04   1.3597151e+05   1.9615819e-01
   2.4700000e+02   6.4316221e+06   2.5076347e-01   5.1966972e-03   4.6652851e+03  -3.0312914e-02   1.4889454e+00   1.6160934e+06  -8.2535224e-01   3.9697130e+04   1.3748140e+05   1.9585552e-01
   2.4800000e+02   6.4314799e+06   2.5148451e-01   5.2561806e-03   4.6452490e+03  -3.0804831e-02   1.4880221e+00   1.6207465e+06  -8.2675911e-01   4.0142122e+04   1.3902252e+05   1.9555684e-01
   2.4900000e+02   6.4313359e+06   2.5220239e-01   5.3160753e-03   4.6249887e+03  -3.1296870e-02   1.4870832e+00   1.6253794e+06  -8.2814531e-01   4.0596036e+04   1.4059455e+05   1.9526216e-01
   2.5000000e+02   6.4311904e+06   2.5291705e-01   5.3763840e-03   4.6044998e+03  -3.1788921e-02   1.4861281e+00   1.6299918e+06  -8.2951080e-01   4.1058765e+04   1.4219709e+05   1.9497152e-01
   2.5100000e+02   6.4310433e+06   2.5362847e-01   5.4371092e-03   4.5837777e+03  -3.2280874e-02   1.4851564e+00   1.6345836e+06  -8.3085556e-01   4.1530182e+04   1.4382973e+05   1.9468494e-01
   2.5200000e+02   6.4308945e+06   2.5433661e-01   5.4982533e-03   4.5628181e+03  -3.2772625e-02   1.4841679e+00   1.6391545e+06  -8.3217955e-01   4.2010144e+04   1.4549197e+05   1.9440244e-01
   2.5300000e+02   6.4307443e+06   2.5504143e-01   5.5598190e-03   4.5416167e+03  -3.3264069e-02   1.4831619e+00   1.6437043e+06  -8.3348273e-01   4.2498489e+04   1.4718323e+05   1.9412405e-01
   2.5400000e+02   6.4305925e+06   2.5574289e-01   5.6218085e-03   4.5201692e+03  -3.3755107e-02   1.4821382e+00   1.6482327e+06  -8.3476508e-01   4.2995037e+04   1.4890290e+05   1.9384979e-01
   2.5500000e+02   6.4304392e+06   2.5644095e-01   5.6842243e-03   4.4984716e+03  -3.4245641e-02   1.4810963e+00   1.6527394e+06  -8.3602655e-01   4.3499585e+04   1.5065028e+05   1.9357967e-01
   2.5600000e+02   6.4302844e+06   2.5713558e-01   5.7470686e-03   4.4765197e+03  -3.4735577e-02   1.4800357e+00   1.6572242e+06  -8.3726713e-01   4.4011913e+04   1.5242461e+05   1.9331374e-01
   2.5700000e+02   6.4301282e+06   2.5782672e-01   5.8103438e-03   4.4543097e+03  -3.5224827e-02   1.4789560e+00   1.6616869e+06  -8.3848677e-01   4.4531777e+04   1.5422503e+05   1.9305200e-01
   2.5800000e+02   6.4299707e+06   2.5851434e-01   5.8740520e-03   4.4318377e+03  -3.5713305e-02   1.4778568e+00   1.6661272e+06  -8.3968545e-01   4.5058910e+04   1.5605063e+05   1.9279448e-01
   2.5900000e+02   6.4298118e+06   2.5919840e-01   5.9381953e-03   4.4091003e+03  -3.6200932e-02   1.4767376e+00   1.6705449e+06  -8.4086314e-01   4.5593024e+04   1.5790041e+05   1.9254120e-01
   2.6000000e+02   6.4296515e+06   2.5987885e-01   6.0027757e-03   4.3860938e+03  -3.6687632e-02   1.4755979e+00   1.6749396e+06  -8.4201981e-01   4.6133807e+04   1.5977327e+05   1.9229218e-01
   2.6100000e+02   6.4294900e+06   2.6055565e-01   6.0677951e-03   4.3628150e+03  -3.7173338e-02   1.4744374e+00   1.6793111e+06  -8.4315543e-01   4.6680921e+04   1.6166807e+05   1.9204744e-01
   2.6200000e+02   6.4293273e+06   2.6122876e-01   6.1332551e-03   4.3392607e+03  -3.7657985e-02   1.4732555e+00   1.6836591e+06  -8.4426997e-01   4.7234003e+04   1.6358354e+05   1.9180701e-01
   2.6300000e+02   6.4291633e+06   2.6189812e-01   6.1991577e-03   4.3154280e+03  -3.8141519e-02   1.4720519e+00   1.6879834e+06  -8.4536340e-01   4.7792668e+04   1.6551834e+05   1.9157089e-01
   2.6400000e+02   6.4289982e+06   2.6256371e-01   6.2655041e-03   4.2913140e+03  -3.8623890e-02   1.4708259e+00   1.6922836e+06  -8.4643570e-01   4.8356501e+04   1.6747104e+05   1.9133912e-01
   2.6500000e+02   6.4288319e+06   2.6322547e-01   6.3322958e-03   4.2669164e+03  -3.9105057e-02   1.4695772e+00   1.6965595e+06  -8.4748684e-01   4.8925064e+04   1.6944012e+05   1.9111171e-01
   2.6600000e+02   6.4286645e+06   2.6388335e-01   6.3995341e-03   4.2422327e+03  -3.9584987e-02   1.4683053e+00   1.7008108e+06  -8.4851679e-01   4.9497890e+04   1.7142396e+05   1.9088868e-01
   2.6700000e+02   6.4284961e+06   2.6453731e-01   6.4672201e-03   4.2172610e+03  -4.0063657e-02   1.4670098e+00   1.7050372e+06  -8.4952552e-01   5.0074488e+04   1.7342087e+05   1.9067004e-01
   2.6800000e+02   6.4283267e+06   2.6518730e-01   6.5353545e-03   4.1919993e+03  -4.0541053e-02   1.4656901e+00   1.7092384e+06  -8.5051302e-01   5.0654339e+04   1.7542904e+05   1.9045582e-01
   2.6900000e+02   6.4281564e+06   2.6583329e-01   6.6039381e-03   4.1664463e+03  -4.1017170e-02   1.4643458e+00   1.7134142e+06  -8.5147926e-01   5.1236898e+04   1.7744660e+05   1.9024603e-01
   2.7000000e+02   6.4279850e+06   2.6647521e-01   6.6729714e-03   4.1406006e+03  -4.1492015e-02   1.4629765e+00   1.7175642e+06  -8.5242421e-01   5.1821595e+04   1.7947155e+05   1.9004069e-01
   2.7100000e+02   6.4278129e+06   2.6711302e-01   6.7424548e-03   4.1144613e+03  -4.1965606e-02   1.4615816e+00   1.7216882e+06  -8.5334785e-01   5.2407832e+04   1.8150184e+05   1.8983982e-01
   2.7200000e+02   6.4276398e+06   2.6774668e-01   6.8123882e-03   4.0880277e+03  -4.2437972e-02   1.4601607e+00   1.7257858e+06  -8.5425015e-01   5.2994988e+04   1.8353532e+05   1.8964344e-01
   2.7300000e+02   6.4274660e+06   2.6837613e-01   6.8827716e-03   4.0612996e+03  -4.2909158e-02   1.4587134e+00   1.7298568e+06  -8.5513110e-01   5.3582417e+04   1.8556973e+05   1.8945155e-01
   2.7400000e+02   6.4272914e+06   2.6900134e-01   6.9536045e-03   4.0342769e+03  -4.3379219e-02   1.4572393e+00   1.7339008e+06  -8.5599067e-01   5.4169447e+04   1.8760277e+05   1.8926417e-01
   2.7500000e+02   6.4271161e+06   2.6962225e-01   7.0248863e-03   4.0069600e+03  -4.3848225e-02   1.4557377e+00   1.7379177e+06  -8.5682884e-01   5.4755385e+04   1.8963202e+05   1.8908133e-01
   2.7600000e+02   6.4269401e+06   2.7023881e-01   7.0966160e-03   3.9793498e+03  -4.4316262e-02   1.4542084e+00   1.7419070e+06  -8.5764559e-01   5.5339518e+04   1.9165503e+05   1.8890303e-01
   2.7700000e+02   6.4267635e+06   2.7085098e-01   7.1687924e-03   3.9514471e+03  -4.4783432e-02   1.4526509e+00   1.7458684e+06  -8.5844090e-01   5.5921110e+04   1.9366923e+05   1.8872929e-01
   2.7800000e+02   6.4265864e+06   2.7145871e-01   7.2414141e-03   3.9232536e+03  -4.5249851e-02   1.4510648e+00   1.7498018e+06  -8.5921475e-01   5.6499407e+04   1.9567202e+05   1.8856013e-01
   2.7900000e+02   6.4264086e+06   2.7206196e-01   7.3144792e-03   3.8947711e+03  -4.5715653e-02   1.4494496e+00   1.7537068e+06  -8.5996712e-01   5.7073638e+04   1.9766073e+05   1.8839555e-01
   2.8000000e+02   6.4262304e+06   2.7266068e-01   7.3879856e-03   3.8660018e+03  -4.6180991e-02   1.4478049e+00   1.7575831e+06  -8.6069799e-01   5.7643015e+04   1.9963263e+05   1.8823557e-01
   2.8100000e+02   6.4260517e+06   2.7325481e-01   7.4619309e-03   3.8369485e+03  -4.6646035e-02   1.4461303e+00   1.7614305e+06  -8.6140734e-01   5.8206739e+04   2.0158495e+05   1.8808021e-01
   2.8200000e+02   6.4258726e+06   2.7384432e-01   7.5363122e-03   3.8076142e+03  -4.7110976e-02   1.4444255e+00   1.7652486e+06  -8.6209516e-01   5.8763998e+04   2.0351489e+05   1.8792947e-01
   2.8300000e+02   6.4256931e+06   2.7442916e-01   7.6111265e-03   3.7780024e+03  -4.7576022e-02   1.4426900e+00   1.7690372e+06  -8.6276142e-01   5.9313972e+04   2.0541959e+05   1.8778337e-01
   2.8400000e+02   6.4255132e+06   2.7500929e-01   7.6863703e-03   3.7481171e+03  -4.8041405e-02   1.4409235e+00   1.7727960e+06  -8.6340612e-01   5.9855832e+04   2.0729619e+05   1.8764192e-01
   2.8500000e+02   6.4253331e+06   2.7558466e-01   7.7620396e-03   3.7179625e+03  -4.8507376e-02   1.4391257e+00   1.7765247e+06  -8.6402923e-01   6.0388746e+04   2.0914181e+05   1.8750514e-01
   2.8600000e+02   6.4251527e+06   2.7615523e-01   7.8381303e-03   3.6875435e+03  -4.8974208e-02   1.4372961e+00   1.7802231e+06  -8.6463074e-01   6.0911882e+04   2.1095356e+05   1.8737302e-01
   2.8700000e+02   6.4249721e+06   2.7672095e-01   7.9146378e-03   3.6568653e+03  -4.9442199e-02   1.4354345e+00   1.7838908e+06  -8.6521063e-01   6.1424406e+04   2.1272856e+05   1.8724559e-01
   2.8800000e+02   6.4247913e+06   2.7728178e-01   7.9915571e-03   3.6259335e+03  -4.9911668e-02   1.4335405e+00   1.7875278e+06  -8.6576889e-01   6.1925491e+04   2.1446395e+05   1.8712286e-01
   2.8900000e+02   6.4246103e+06   2.7783769e-01   8.0688827e-03   3.5947541e+03  -5.0382959e-02   1.4316139e+00   1.7911336e+06  -8.6630551e-01   6.2414314e+04   2.1615687e+05   1.8700482e-01
   2.9000000e+02   6.4244292e+06   2.7838864e-01   8.1466089e-03   3.5633337e+03  -5.0856439e-02   1.4296543e+00   1.7947081e+06  -8.6682047e-01   6.2890066e+04   2.1780452e+05   1.8689150e-01
   2.9100000e+02   6.4242480e+06   2.7893457e-01   8.2247294e-03   3.5316791e+03  -5.1332502e-02   1.4276616e+00   1.7982510e+06  -8.6731376e-01   6.3351945e+04   2.1940413e+05   1.8678291e-01
   2.9200000e+02   6.4240668e+06   2.7947547e-01   8.3032377e-03   3.4997975e+03  -5.1811567e-02   1.4256353e+00   1.8017620e+06  -8.6778537e-01   6.3799171e+04   2.2095299e+05   1.8667904e-01
   2.9300000e+02   6.4238855e+06   2.8001128e-01   8.3821266e-03   3.4676968e+03  -5.2294077e-02   1.4235754e+00   1.8052411e+06  -8.6823529e-01   6.4230979e+04   2.2244845e+05   1.8657991e-01
   2.9400000e+02   6.4237043e+06   2.8054198e-01   8.4613887e-03   3.4353849e+03  -5.2780505e-02   1.4214816e+00   1.8086879e+06  -8.6866349e-01   6.4646627e+04   2.2388795e+05   1.8648553e-01
   2.9500000e+02   6.4235231e+06   2.8106753e-01   8.5410161e-03   3.4028704e+03  -5.3271348e-02   1.4193536e+00   1.8121022e+06  -8.6906998e-01   6.5045398e+04   2.2526899e+05   1.8639591e-01
   2.9600000e+02   6.4233419e+06   2.8158790e-01   8.6210005e-03   3.3701620e+03  -5.3767132e-02   1.4171914e+00   1.8154839e+06  -8.6945475e-01   6.5426603e+04   2.2658920e+05   1.8631104e-01
   2.9700000e+02   6.4231608e+06   2.8210305e-01   8.7013332e-03   3.3372689e+03  -5.4268410e-02   1.4149947e+00   1.8188327e+06  -8.6981778e-01   6.5789583e+04   2.2784630e+05   1.8623095e-01
   2.9800000e+02   6.4229799e+06   2.8261297e-01   8.7820050e-03   3.3042006e+03  -5.4775762e-02   1.4127634e+00   1.8221486e+06  -8.7015906e-01   6.6133713e+04   2.2903811e+05   1.8615563e-01
   2.9900000e+02   6.4227990e+06   2.8311761e-01   8.8630063e-03   3.2709669e+03  -5.5289798e-02   1.4104974e+00   1.8254312e+06  -8.7047859e-01   6.6458402e+04   2.3016259e+05   1.8608509e-01
   3.0000000e+02   6.4226184e+06   2.8361695e-01   8.9443272e-03   3.2375779e+03  -5.5811155e-02   1.4081966e+00   1.8286804e+06  -8.7077636e-01   6.6763099e+04   2.3121784e+05   1.8601934e-01
   3.0100000e+02   6.4224378e+06   2.8411097e-01   9.0259572e-03   3.2040441e+03  -5.6340498e-02   1.4058608e+00   1.8318962e+06  -8.7105235e-01   6.7047294e+04   2.3220207e+05   1.8595838e-01
   3.0200000e+02   6.4222575e+06   2.8459965e-01   9.1078855e-03   3.1703761e+03  -5.6878523e-02   1.4034901e+00   1.8350783e+06  -8.7130658e-01   6.7310516e+04   2.3311368e+05   1.8590222e-01
   3.0300000e+02   6.4220774e+06   2.8508296e-01   9.1901009e-03   3.1365846e+03  -5.7425951e-02   1.4010844e+00   1.8382267e+06  -8.7153901e-01   6.7552341e+04   2.3395118e+05   1.8585086e-01
   3.0400000e+02   6.4218975e+06   2.8556087e-01   9.2725919e-03   3.1026810e+03  -5.7983536e-02   1.3986435e+00   1.8413411e+06  -8.7174966e-01   6.7772390e+04   2.3471327e+05   1.8580431e-01
   3.0500000e+02   6.4217178e+06   2.8603339e-01   9.3553463e-03   3.0686763e+03  -5.8552057e-02   1.3961677e+00   1.8444216e+06  -8.7193852e-01   6.7970330e+04   2.3539879e+05   1.8576256e-01
   3.0600000e+02   6.4215383e+06   2.8650048e-01   9.4383520e-03   3.0345821e+03  -5.9132324e-02   1.3936567e+00   1.8474679e+06  -8.7210558e-01   6.8145879e+04   2.3600676e+05   1.8572563e-01
   3.0700000e+02   6.4213591e+06   2.8696214e-01   9.5215961e-03   3.0004099e+03  -5.9725175e-02   1.3911107e+00   1.8504801e+06  -8.7225084e-01   6.8298800e+04   2.3653636e+05   1.8569351e-01
   3.0800000e+02   6.4211801e+06   2.8741834e-01   9.6050656e-03   2.9661715e+03  -6.0331475e-02   1.3885297e+00   1.8534580e+06  -8.7237428e-01   6.8428908e+04   2.3698696e+05   1.8566621e-01
   3.0900000e+02   6.4210014e+06   2.8786909e-01   9.6887470e-03   2.9318786e+03  -6.0952121e-02   1.3859137e+00   1.8564016e+06  -8.7247592e-01   6.8536068e+04   2.3735808e+05   1.8564374e-01
   3.1000000e+02   6.4208230e+06   2.8831437e-01   9.7726266e-03   2.8975431e+03  -6.1588034e-02   1.3832628e+00   1.8593109e+06  -8.7255575e-01   6.8620195e+04   2.3764944e+05   1.8562608e-01
   3.1100000e+02   6.4206447e+06   2.8875417e-01   9.8566904e-03   2.8631768e+03  -6.2240166e-02   1.3805771e+00   1.8621857e+06  -8.7261377e-01   6.8681252e+04   2.3786089e+05   1.8561325e-01
   3.1200000e+02   6.4204668e+06   2.8918849e-01   9.9409241e-03   2.8287918e+03  -6.2909495e-02   1.3778567e+00   1.8650261e+06  -8.7264997e-01   6.8719252e+04   2.3799250e+05   1.8560524e-01
   3.1300000e+02   6.4202891e+06   2.8961733e-01   1.0025313e-02   2.7943999e+03  -6.3597027e-02   1.3751017e+00   1.8678321e+06  -8.7266435e-01   6.8734259e+04   2.3804447e+05   1.8560206e-01
   3.1400000e+02   6.4201116e+06   2.9004068e-01   1.0109842e-02   2.7600129e+03  -6.4303797e-02   1.3723122e+00   1.8706036e+06  -8.7265692e-01   6.8726381e+04   2.3801718e+05   1.8560371e-01
   3.1500000e+02   6.4199343e+06   2.9045855e-01   1.0194496e-02   2.7256426e+03  -6.5030864e-02   1.3694883e+00   1.8733407e+06  -8.7262767e-01   6.8695774e+04   2.3791119e+05   1.8561018e-01
   3.1600000e+02   6.4197573e+06   2.9087094e-01   1.0279260e-02   2.6913009e+03  -6.5779316e-02   1.3666302e+00   1.8760434e+06  -8.7257660e-01   6.8642639e+04   2.3772717e+05   1.8562147e-01
   3.1700000e+02   6.4195805e+06   2.9127785e-01   1.0364118e-02   2.6569993e+03  -6.6550267e-02   1.3637381e+00   1.8787117e+06  -8.7250372e-01   6.8567221e+04   2.3746598e+05   1.8563759e-01
   3.1800000e+02   6.4194039e+06   2.9167929e-01   1.0449055e-02   2.6227493e+03  -6.7344857e-02   1.3608120e+00   1.8813457e+06  -8.7240903e-01   6.8469807e+04   2.3712860e+05   1.8565853e-01
   3.1900000e+02   6.4192275e+06   2.9207527e-01   1.0534053e-02   2.5885623e+03  -6.8164253e-02   1.3578522e+00   1.8839453e+06  -8.7229252e-01   6.8350721e+04   2.3671618e+05   1.8568429e-01
   3.2000000e+02   6.4190513e+06   2.9246579e-01   1.0619098e-02   2.5544494e+03  -6.9009646e-02   1.3548588e+00   1.8865108e+06  -8.7215421e-01   6.8210327e+04   2.3622996e+05   1.8571488e-01
   3.2100000e+02   6.4188752e+06   2.9285088e-01   1.0704173e-02   2.5204218e+03  -6.9882254e-02   1.3518321e+00   1.8890421e+06  -8.7199410e-01   6.8049025e+04   2.3567133e+05   1.8575027e-01
   3.2200000e+02   6.4186993e+06   2.9323054e-01   1.0789262e-02   2.4864901e+03  -7.0783321e-02   1.3487721e+00   1.8915394e+06  -8.7181219e-01   6.7867246e+04   2.3504178e+05   1.8579049e-01
   3.2300000e+02   6.4185235e+06   2.9360478e-01   1.0874347e-02   2.4526650e+03  -7.1714114e-02   1.3456791e+00   1.8940027e+06  -8.7160848e-01   6.7665453e+04   2.3434292e+05   1.8583551e-01
   3.2400000e+02   6.4183478e+06   2.9397363e-01   1.0959413e-02   2.4189568e+03  -7.2675927e-02   1.3425533e+00   1.8964321e+06  -8.7138298e-01   6.7444136e+04   2.3357644e+05   1.8588534e-01
   3.2500000e+02   6.4181722e+06   2.9433711e-01   1.1044443e-02   2.3853757e+03  -7.3670077e-02   1.3393949e+00   1.8988278e+06  -8.7113570e-01   6.7203812e+04   2.3274414e+05   1.8593997e-01
   3.2600000e+02   6.4179967e+06   2.9469523e-01   1.1129419e-02   2.3519316e+03  -7.4697909e-02   1.3362039e+00   1.9011900e+06  -8.7086663e-01   6.6945021e+04   2.3184788e+05   1.8599940e-01
   3.2700000e+02   6.4178212e+06   2.9504802e-01   1.1214326e-02   2.3186339e+03  -7.5760790e-02   1.3329808e+00   1.9035186e+06  -8.7057580e-01   6.6668323e+04   2.3088960e+05   1.8606363e-01
   3.2800000e+02   6.4176457e+06   2.9539549e-01   1.1299147e-02   2.2854921e+03  -7.6860113e-02   1.3297255e+00   1.9058140e+06  -8.7026320e-01   6.6374295e+04   2.2987130e+05   1.8613264e-01
   3.2900000e+02   6.4174702e+06   2.9573768e-01   1.1383864e-02   2.2525152e+03  -7.7997296e-02   1.3264383e+00   1.9080762e+06  -8.6992885e-01   6.6063530e+04   2.2879505e+05   1.8620644e-01
   3.3000000e+02   6.4172947e+06   2.9607461e-01   1.1468461e-02   2.2197119e+03  -7.9173780e-02   1.3231194e+00   1.9103054e+06  -8.6957274e-01   6.5736635e+04   2.2766293e+05   1.8628501e-01
   3.3100000e+02   6.4171191e+06   2.9640632e-01   1.1552921e-02   2.1870906e+03  -8.0391034e-02   1.3197690e+00   1.9125018e+06  -8.6919490e-01   6.5394227e+04   2.2647708e+05   1.8636836e-01
   3.3200000e+02   6.4169434e+06   2.9673281e-01   1.1637228e-02   2.1546596e+03  -8.1650550e-02   1.3163872e+00   1.9146655e+06  -8.6879533e-01   6.5036929e+04   2.2523966e+05   1.8645647e-01
   3.3300000e+02   6.4167676e+06   2.9705414e-01   1.1721364e-02   2.1224266e+03  -8.2953846e-02   1.3129741e+00   1.9167968e+06  -8.6837404e-01   6.4665372e+04   2.2395286e+05   1.8654933e-01
   3.3400000e+02   6.4165917e+06   2.9737033e-01   1.1805315e-02   2.0903992e+03  -8.4302468e-02   1.3095300e+00   1.9188958e+06  -8.6793104e-01   6.4280190e+04   2.2261888e+05   1.8664695e-01
   3.3500000e+02   6.4164155e+06   2.9768141e-01   1.1889062e-02   2.0585846e+03  -8.5697984e-02   1.3060550e+00   1.9209628e+06  -8.6746634e-01   6.3882017e+04   2.2123990e+05   1.8674931e-01
   3.3600000e+02   6.4162392e+06   2.9798742e-01   1.1972590e-02   2.0269897e+03  -8.7141991e-02   1.3025492e+00   1.9229979e+06  -8.6697995e-01   6.3471489e+04   2.1981814e+05   1.8685640e-01
   3.3700000e+02   6.4160627e+06   2.9828839e-01   1.2055883e-02   1.9956211e+03  -8.8636114e-02   1.2990128e+00   1.9250015e+06  -8.6647189e-01   6.3049236e+04   2.1835577e+05   1.8696822e-01
   3.3800000e+02   6.4158859e+06   2.9858436e-01   1.2138924e-02   1.9644851e+03  -9.0182002e-02   1.2954458e+00   1.9269736e+06  -8.6594217e-01   6.2615888e+04   2.1685497e+05   1.8708475e-01
   3.3900000e+02   6.4157089e+06   2.9887536e-01   1.2221698e-02   1.9335878e+03  -9.1781334e-02   1.2918484e+00   1.9289145e+06  -8.6539080e-01   6.2172066e+04   2.1531790e+05   1.8720599e-01
   3.4000000e+02   6.4155315e+06   2.9916144e-01   1.2304188e-02   1.9029348e+03  -9.3435817e-02   1.2882207e+00   1.9308246e+06  -8.6481780e-01   6.1718383e+04   2.1374668e+05   1.8733192e-01
   3.4100000e+02   6.4153538e+06   2.9944263e-01   1.2386380e-02   1.8725315e+03  -9.5147189e-02   1.2845627e+00   1.9327039e+06  -8.6422317e-01   6.1255446e+04   2.1214341e+05   1.8746255e-01
   3.4200000e+02   6.4151757e+06   2.9971898e-01   1.2468259e-02   1.8423831e+03  -9.6917215e-02   1.2808746e+00   1.9345528e+06  -8.6360694e-01   6.0783851e+04   2.1051015e+05   1.8759785e-01
   3.4300000e+02   6.4149972e+06   2.9999052e-01   1.2549808e-02   1.8124944e+03  -9.8747691e-02   1.2771563e+00   1.9363715e+06  -8.6296912e-01   6.0304180e+04   2.0884893e+05   1.8773781e-01
   3.4400000e+02   6.4148183e+06   3.0025729e-01   1.2631013e-02   1.7828699e+03  -1.0064045e-01   1.2734079e+00   1.9381602e+06  -8.6230972e-01   5.9817008e+04   2.0716173e+05   1.8788243e-01
   3.4500000e+02   6.4146389e+06   3.0051935e-01   1.2711859e-02   1.7535139e+03  -1.0259734e-01   1.2696295e+00   1.9399192e+06  -8.6162877e-01   5.9322893e+04   2.0545048e+05   1.8803169e-01
   3.4600000e+02   6.4144591e+06   3.0077672e-01   1.2792332e-02   1.7244305e+03  -1.0462026e-01   1.2658211e+00   1.9416489e+06  -8.6092628e-01   5.8822380e+04   2.0371708e+05   1.8818558e-01
   3.4700000e+02   6.4142788e+06   3.0102946e-01   1.2872417e-02   1.6956234e+03  -1.0671115e-01   1.2619826e+00   1.9433493e+06  -8.6020226e-01   5.8316000e+04   2.0196335e+05   1.8834409e-01
   3.4800000e+02   6.4140979e+06   3.0127760e-01   1.2952101e-02   1.6670962e+03  -1.0887195e-01   1.2581141e+00   1.9450209e+06  -8.5945674e-01   5.7804270e+04   2.0019110e+05   1.8850721e-01
   3.4900000e+02   6.4139165e+06   3.0152120e-01   1.3031370e-02   1.6388520e+03  -1.1110466e-01   1.2542155e+00   1.9466639e+06  -8.5868973e-01   5.7287690e+04   1.9840205e+05   1.8867491e-01
   3.5000000e+02   6.4137345e+06   3.0176030e-01   1.3110209e-02   1.6108941e+03  -1.1341133e-01   1.2502867e+00   1.9482785e+06  -8.5790125e-01   5.6766745e+04   1.9659788e+05   1.8884719e-01
   3.5100000e+02   6.4135519e+06   3.0199494e-01   1.3188607e-02   1.5832251e+03  -1.1579401e-01   1.2463278e+00   1.9498651e+06  -8.5709133e-01   5.6241905e+04   1.9478023e+05   1.8902404e-01
   3.5200000e+02   6.4133686e+06   3.0222517e-01   1.3266549e-02   1.5558477e+03  -1.1825482e-01   1.2423386e+00   1.9514238e+06  -8.5625998e-01   5.5713623e+04   1.9295065e+05   1.8920544e-01
   3.5300000e+02   6.4131847e+06   3.0245104e-01   1.3344023e-02   1.5287642e+03  -1.2079591e-01   1.2383190e+00   1.9529551e+06  -8.5540722e-01   5.5182337e+04   1.9111067e+05   1.8939137e-01
   3.5400000e+02   6.4130002e+06   3.0267259e-01   1.3421017e-02   1.5019770e+03  -1.2341946e-01   1.2342689e+00   1.9544592e+06  -8.5453308e-01   5.4648468e+04   1.8926174e+05   1.8958182e-01
   3.5500000e+02   6.4128149e+06   3.0288988e-01   1.3497519e-02   1.4754880e+03  -1.2612769e-01   1.2301883e+00   1.9559363e+06  -8.5363758e-01   5.4112423e+04   1.8740528e+05   1.8977678e-01
   3.5600000e+02   6.4126290e+06   3.0310294e-01   1.3573516e-02   1.4492990e+03  -1.2892289e-01   1.2260768e+00   1.9573868e+06  -8.5272073e-01   5.3574592e+04   1.8554263e+05   1.8997623e-01
   3.5700000e+02   6.4124423e+06   3.0331182e-01   1.3648998e-02   1.4234117e+03  -1.3180736e-01   1.2219344e+00   1.9588110e+06  -8.5178257e-01   5.3035351e+04   1.8367510e+05   1.9018014e-01
   3.5800000e+02   6.4122548e+06   3.0351658e-01   1.3723952e-02   1.3978276e+03  -1.3478346e-01   1.2177609e+00   1.9602090e+06  -8.5082311e-01   5.2495060e+04   1.8180393e+05   1.9038851e-01
   3.5900000e+02   6.4120666e+06   3.0371726e-01   1.3798368e-02   1.3725480e+03  -1.3785358e-01   1.2135561e+00   1.9615814e+06  -8.4984238e-01   5.1954065e+04   1.7993033e+05   1.9060132e-01
   3.6000000e+02   6.4118776e+06   3.0391392e-01   1.3872235e-02   1.3475740e+03  -1.4102018e-01   1.2093197e+00   1.9629282e+06  -8.4884040e-01   5.1412698e+04   1.7805544e+05   1.9081856e-01
   3.6100000e+02   6.4116878e+06   3.0410659e-01   1.3945543e-02   1.3229068e+03  -1.4428573e-01   1.2050515e+00   1.9642498e+06  -8.4781721e-01   5.0871278e+04   1.7618036e+05   1.9104019e-01
   3.6200000e+02   6.4114972e+06   3.0429533e-01   1.4018282e-02   1.2985472e+03  -1.4765277e-01   1.2007513e+00   1.9655466e+06  -8.4677282e-01   5.0330110e+04   1.7430616e+05   1.9126621e-01
   3.6300000e+02   6.4113057e+06   3.0448018e-01   1.4090442e-02   1.2744960e+03  -1.5112388e-01   1.1964187e+00   1.9668188e+06  -8.4570726e-01   4.9789488e+04   1.7243384e+05   1.9149660e-01
   3.6400000e+02   6.4111134e+06   3.0466120e-01   1.4162013e-02   1.2507539e+03  -1.5470169e-01   1.1920534e+00   1.9680667e+06  -8.4462055e-01   4.9249691e+04   1.7056439e+05   1.9173133e-01
   3.6500000e+02   6.4109202e+06   3.0483843e-01   1.4232987e-02   1.2273213e+03  -1.5838885e-01   1.1876552e+00   1.9692905e+06  -8.4351273e-01   4.8710991e+04   1.6869873e+05   1.9197039e-01
   3.6600000e+02   6.4107262e+06   3.0501193e-01   1.4303354e-02   1.2041987e+03  -1.6218809e-01   1.1832237e+00   1.9704907e+06  -8.4238383e-01   4.8173645e+04   1.6683776e+05   1.9221376e-01
   3.6700000e+02   6.4105313e+06   3.0518174e-01   1.4373107e-02   1.1813864e+03  -1.6610216e-01   1.1787585e+00   1.9716674e+06  -8.4123386e-01   4.7637902e+04   1.6498234e+05   1.9246142e-01
   3.6800000e+02   6.4103356e+06   3.0534791e-01   1.4442237e-02   1.1588847e+03  -1.7013387e-01   1.1742592e+00   1.9728210e+06  -8.4006286e-01   4.7104002e+04   1.6313331e+05   1.9271334e-01
   3.6900000e+02   6.4101389e+06   3.0551049e-01   1.4510735e-02   1.1366936e+03  -1.7428606e-01   1.1697254e+00   1.9739518e+06  -8.3887087e-01   4.6572175e+04   1.6129146e+05   1.9296951e-01
   3.7000000e+02   6.4099414e+06   3.0566952e-01   1.4578595e-02   1.1148132e+03  -1.7856161e-01   1.1651567e+00   1.9750601e+06  -8.3765790e-01   4.6042642e+04   1.5945755e+05   1.9322991e-01
   3.7100000e+02   6.4097429e+06   3.0582507e-01   1.4645810e-02   1.0932434e+03  -1.8296346e-01   1.1605526e+00   1.9761461e+06  -8.3642398e-01   4.5515619e+04   1.5763233e+05   1.9349451e-01
   3.7200000e+02   6.4095435e+06   3.0597716e-01   1.4712372e-02   1.0719841e+03  -1.8749456e-01   1.1559126e+00   1.9772102e+06  -8.3516916e-01   4.4991311e+04   1.5581652e+05   1.9376329e-01
   3.7300000e+02   6.4093433e+06   3.0612587e-01   1.4778274e-02   1.0510350e+03  -1.9215791e-01   1.1512362e+00   1.9782526e+06  -8.3389346e-01   4.4469919e+04   1.5401080e+05   1.9403624e-01
   3.7400000e+02   6.4091421e+06   3.0627122e-01   1.4843512e-02   1.0303960e+03  -1.9695656e-01   1.1465228e+00   1.9792736e+06  -8.3259691e-01   4.3951638e+04   1.5221586e+05   1.9431332e-01
   3.7500000e+02   6.4089400e+06   3.0641328e-01   1.4908078e-02   1.0100665e+03  -2.0189356e-01   1.1417719e+00   1.9802736e+06  -8.3127955e-01   4.3436658e+04   1.5043235e+05   1.9459451e-01
   3.7600000e+02   6.4087370e+06   3.0655209e-01   1.4971967e-02   9.9004624e+02  -2.0697200e-01   1.1369829e+00   1.9812528e+06  -8.2994140e-01   4.2925161e+04   1.4866090e+05   1.9487979e-01
   3.7700000e+02   6.4085331e+06   3.0668769e-01   1.5035174e-02   9.7033462e+02  -2.1219499e-01   1.1321551e+00   1.9822115e+06  -8.2858251e-01   4.2417328e+04   1.4690215e+05   1.9516914e-01
   3.7800000e+02   6.4083283e+06   3.0682014e-01   1.5097694e-02   9.5093110e+02  -2.1756568e-01   1.1272879e+00   1.9831501e+06  -8.2720290e-01   4.1913335e+04   1.4515669e+05   1.9546254e-01
   3.7900000e+02   6.4081226e+06   3.0694949e-01   1.5159522e-02   9.3183504e+02  -2.2308719e-01   1.1223805e+00   1.9840687e+06  -8.2580261e-01   4.1413354e+04   1.4342513e+05   1.9575995e-01
   3.8000000e+02   6.4079160e+06   3.0707577e-01   1.5220653e-02   9.1304574e+02  -2.2876269e-01   1.1174323e+00   1.9849676e+06  -8.2438168e-01   4.0917554e+04   1.4170804e+05   1.9606135e-01
   3.8100000e+02   6.4077085e+06   3.0719904e-01   1.5281085e-02   8.9456244e+02  -2.3459532e-01   1.1124423e+00   1.9858473e+06  -8.2294014e-01   4.0426103e+04   1.4000602e+05   1.9636672e-01
   3.8200000e+02   6.4075001e+06   3.0731935e-01   1.5340813e-02   8.7638432e+02  -2.4058823e-01   1.1074099e+00   1.9867079e+06  -8.2147802e-01   3.9939164e+04   1.3831963e+05   1.9667603e-01
   3.8300000e+02   6.4072908e+06   3.0743674e-01   1.5399833e-02   8.5851049e+02  -2.4674456e-01   1.1023342e+00   1.9875497e+06  -8.1999537e-01   3.9456900e+04   1.3664942e+05   1.9698925e-01
   3.8400000e+02   6.4070807e+06   3.0755126e-01   1.5458144e-02   8.4094000e+02  -2.5306741e-01   1.0972141e+00   1.9883730e+06  -8.1849221e-01   3.8979472e+04   1.3499597e+05   1.9730637e-01
   3.8500000e+02   6.4068697e+06   3.0766295e-01   1.5515741e-02   8.2367184e+02  -2.5955986e-01   1.0920489e+00   1.9891781e+06  -8.1696860e-01   3.8507039e+04   1.3335981e+05   1.9762734e-01
   3.8600000e+02   6.4066579e+06   3.0777187e-01   1.5572623e-02   8.0670495e+02  -2.6622496e-01   1.0868374e+00   1.9899652e+06  -8.1542456e-01   3.8039760e+04   1.3174150e+05   1.9795215e-01
   3.8700000e+02   6.4064453e+06   3.0787806e-01   1.5628787e-02   7.9003818e+02  -2.7306568e-01   1.0815787e+00   1.9907347e+06  -8.1386013e-01   3.7577791e+04   1.3014158e+05   1.9828077e-01
   3.8800000e+02   6.4062318e+06   3.0798155e-01   1.5684232e-02   7.7367035e+02  -2.8008496e-01   1.0762716e+00   1.9914869e+06  -8.1227536e-01   3.7121288e+04   1.2856060e+05   1.9861317e-01
   3.8900000e+02   6.4060175e+06   3.0808241e-01   1.5738956e-02   7.5760019e+02  -2.8728562e-01   1.0709149e+00   1.9922219e+06  -8.1067028e-01   3.6670408e+04   1.2699908e+05   1.9894932e-01
   3.9000000e+02   6.4058025e+06   3.0818067e-01   1.5792958e-02   7.4182638e+02  -2.9467044e-01   1.0655074e+00   1.9929400e+06  -8.0904494e-01   3.6225304e+04   1.2545757e+05   1.9928919e-01
   3.9100000e+02   6.4055867e+06   3.0827638e-01   1.5846237e-02   7.2634750e+02  -3.0224205e-01   1.0600478e+00   1.9936417e+06  -8.0739937e-01   3.5786130e+04   1.2393660e+05   1.9963275e-01
   3.9200000e+02   6.4053701e+06   3.0836959e-01   1.5898792e-02   7.1116211e+02  -3.1000298e-01   1.0545347e+00   1.9943270e+06  -8.0573361e-01   3.5353039e+04   1.2243670e+05   1.9997997e-01
   3.9300000e+02   6.4051528e+06   3.0846033e-01   1.5950623e-02   6.9626867e+02  -3.1795563e-01   1.0489666e+00   1.9949963e+06  -8.0404771e-01   3.4926184e+04   1.2095839e+05   2.0033084e-01
   3.9400000e+02   6.4049347e+06   3.0854865e-01   1.6001731e-02   6.8166555e+02  -3.2610223e-01   1.0433422e+00   1.9956498e+06  -8.0234171e-01   3.4505715e+04   1.1950219e+05   2.0068530e-01
   3.9500000e+02   6.4047160e+06   3.0863460e-01   1.6052115e-02   6.6735109e+02  -3.3444485e-01   1.0376596e+00   1.9962878e+06  -8.0061565e-01   3.4091783e+04   1.1806864e+05   2.0104334e-01
   3.9600000e+02   6.4044966e+06   3.0871821e-01   1.6101776e-02   6.5332351e+02  -3.4298534e-01   1.0319173e+00   1.9969106e+06  -7.9886958e-01   3.3684535e+04   1.1665823e+05   2.0140492e-01
   3.9700000e+02   6.4042766e+06   3.0879954e-01   1.6150715e-02   6.3958097e+02  -3.5172538e-01   1.0261135e+00   1.9975185e+06  -7.9710353e-01   3.3284118e+04   1.1527149e+05   2.0177001e-01
   3.9800000e+02   6.4040560e+06   3.0887862e-01   1.6198933e-02   6.2612154e+02  -3.6066638e-01   1.0202462e+00   1.9981116e+06  -7.9531756e-01   3.2890678e+04   1.1390890e+05   2.0213858e-01
   3.9900000e+02   6.4038347e+06   3.0895550e-01   1.6246432e-02   6.1294322e+02  -3.6980951e-01   1.0143135e+00   1.9986902e+06  -7.9351170e-01   3.2504357e+04   1.1257097e+05   2.0251060e-01
   4.0000000e+02   6.4036129e+06   3.0903022e-01   1.6293212e-02   6.0004391e+02  -3.7915567e-01   1.0083133e+00   1.9992547e+06  -7.9168600e-01   3.2125294e+04   1.1125818e+05   2.0288603e-01
   4.0100000e+02   6.4033905e+06   3.0910281e-01   1.6339276e-02   5.8742141e+02  -3.8870544e-01   1.0022433e+00   1.9998052e+06  -7.8984052e-01   3.1753626e+04   1.0997100e+05   2.0326485e-01
   4.0200000e+02   6.4031676e+06   3.0917332e-01   1.6384627e-02   5.7507345e+02  -3.9845908e-01   9.9610134e-01   2.0003420e+06  -7.8797529e-01   3.1389486e+04   1.0870989e+05   2.0364701e-01
   4.0300000e+02   6.4029443e+06   3.0924180e-01   1.6429267e-02   5.6299764e+02  -4.0841652e-01   9.8988481e-01   2.0008653e+06  -7.8609035e-01   3.1033003e+04   1.0747530e+05   2.0403249e-01
   4.0400000e+02   6.4027205e+06   3.0930827e-01   1.6473198e-02   5.5119152e+02  -4.1857730e-01   9.8359116e-01   2.0013754e+06  -7.8418577e-01   3.0684302e+04   1.0626765e+05   2.0442126e-01
   4.0500000e+02   6.4024962e+06   3.0937279e-01   1.6516423e-02   5.3965250e+02  -4.2894057e-01   9.7721766e-01   2.0018726e+06  -7.8226158e-01   3.0343500e+04   1.0508737e+05   2.0481327e-01
   4.0600000e+02   6.4022716e+06   3.0943538e-01   1.6558946e-02   5.2837791e+02  -4.3950506e-01   9.7076143e-01   2.0023570e+06  -7.8031784e-01   3.0010712e+04   1.0393484e+05   2.0520850e-01
   4.0700000e+02   6.4020466e+06   3.0949610e-01   1.6600771e-02   5.1736496e+02  -4.5026906e-01   9.6421942e-01   2.0028290e+06  -7.7835458e-01   2.9686043e+04   1.0281042e+05   2.0560691e-01
   4.0800000e+02   6.4018213e+06   3.0955497e-01   1.6641900e-02   5.0661077e+02  -4.6123040e-01   9.5758845e-01   2.0032887e+06  -7.7637187e-01   2.9369593e+04   1.0171448e+05   2.0600846e-01
   4.0900000e+02   6.4015957e+06   3.0961204e-01   1.6682338e-02   4.9611234e+02  -4.7238642e-01   9.5086514e-01   2.0037364e+06  -7.7436975e-01   2.9061454e+04   1.0064731e+05   2.0641312e-01
   4.1000000e+02   6.4013698e+06   3.0966734e-01   1.6722089e-02   4.8586656e+02  -4.8373395e-01   9.4404594e-01   2.0041724e+06  -7.7234827e-01   2.8761709e+04   9.9609216e+04   2.0682086e-01
   4.1100000e+02   6.4011437e+06   3.0972091e-01   1.6761158e-02   4.7587022e+02  -4.9526930e-01   9.3712712e-01   2.0045967e+06  -7.7030748e-01   2.8470430e+04   9.8600443e+04   2.0723163e-01
   4.1200000e+02   6.4009175e+06   3.0977278e-01   1.6799548e-02   4.6611998e+02  -5.0698826e-01   9.3010476e-01   2.0050098e+06  -7.6824743e-01   2.8187682e+04   9.7621214e+04   2.0764540e-01
   4.1300000e+02   6.4006911e+06   3.0982300e-01   1.6837266e-02   4.5661241e+02  -5.1888603e-01   9.2297474e-01   2.0054118e+06  -7.6616818e-01   2.7913517e+04   9.6671711e+04   2.0806214e-01
   4.1400000e+02   6.4004646e+06   3.0987160e-01   1.6874315e-02   4.4734397e+02  -5.3095728e-01   9.1573271e-01   2.0058029e+06  -7.6406977e-01   2.7647977e+04   9.5752077e+04   2.0848180e-01
   4.1500000e+02   6.4002381e+06   3.0991862e-01   1.6910701e-02   4.3831098e+02  -5.4319607e-01   9.0837414e-01   2.0061834e+06  -7.6195227e-01   2.7391091e+04   9.4862413e+04   2.0890436e-01
   4.1600000e+02   6.4000115e+06   3.0996408e-01   1.6946430e-02   4.2950969e+02  -5.5559592e-01   9.0089424e-01   2.0065534e+06  -7.5981571e-01   2.7142874e+04   9.4002775e+04   2.0932976e-01
   4.1700000e+02   6.3997850e+06   3.1000803e-01   1.6981507e-02   4.2093621e+02  -5.6814973e-01   8.9328800e-01   2.0069133e+06  -7.5766015e-01   2.6903330e+04   9.3173171e+04   2.0975798e-01
   4.1800000e+02   6.3995586e+06   3.1005050e-01   1.7015938e-02   4.1258657e+02  -5.8084983e-01   8.8555018e-01   2.0072631e+06  -7.5548566e-01   2.6672446e+04   9.2373562e+04   2.1018897e-01
   4.1900000e+02   6.3993322e+06   3.1009152e-01   1.7049729e-02   4.0445668e+02  -5.9368799e-01   8.7767530e-01   2.0076032e+06  -7.5329228e-01   2.6450197e+04   9.1603855e+04   2.1062271e-01
   4.2000000e+02   6.3991060e+06   3.1013112e-01   1.7082886e-02   3.9654237e+02  -6.0665540e-01   8.6965759e-01   2.0079337e+06  -7.5108007e-01   2.6236539e+04   9.0863904e+04   2.1105913e-01
   4.2100000e+02   6.3988801e+06   3.1016934e-01   1.7115415e-02   3.8883937e+02  -6.1974268e-01   8.6149105e-01   2.0082548e+06  -7.4884907e-01   2.6031417e+04   9.0153511e+04   2.1149822e-01
   4.2200000e+02   6.3986544e+06   3.1020621e-01   1.7147323e-02   3.8134332e+02  -6.3293995e-01   8.5316941e-01   2.0085668e+06  -7.4659936e-01   2.5834754e+04   8.9472419e+04   2.1193993e-01
   4.2300000e+02   6.3984290e+06   3.1024177e-01   1.7178616e-02   3.7404977e+02  -6.4623678e-01   8.4468613e-01   2.0088698e+06  -7.4433099e-01   2.5646462e+04   8.8820314e+04   2.1238421e-01
   4.2400000e+02   6.3982039e+06   3.1027603e-01   1.7209301e-02   3.6695422e+02  -6.5962227e-01   8.3603439e-01   2.0091641e+06  -7.4204400e-01   2.5466433e+04   8.8196825e+04   2.1283103e-01
   4.2500000e+02   6.3979792e+06   3.1030904e-01   1.7239386e-02   3.6005209e+02  -6.7308507e-01   8.2720707e-01   2.0094498e+06  -7.3973847e-01   2.5294541e+04   8.7601521e+04   2.1328035e-01
   4.2600000e+02   6.3977550e+06   3.1034083e-01   1.7268877e-02   3.5333872e+02  -6.8661339e-01   8.1819680e-01   2.0097272e+06  -7.3741444e-01   2.5130647e+04   8.7033913e+04   2.1373213e-01
   4.2700000e+02   6.3975313e+06   3.1037142e-01   1.7297781e-02   3.4680944e+02  -7.0019506e-01   8.0899590e-01   2.0099964e+06  -7.3507197e-01   2.4974592e+04   8.6493453e+04   2.1418632e-01
   4.2800000e+02   6.3973081e+06   3.1040084e-01   1.7326106e-02   3.4045952e+02  -7.1381758e-01   7.9959641e-01   2.0102577e+06  -7.3271113e-01   2.4826201e+04   8.5979537e+04   2.1464289e-01
   4.2900000e+02   6.3970855e+06   3.1042913e-01   1.7353859e-02   3.3428418e+02  -7.2746815e-01   7.8999008e-01   2.0105112e+06  -7.3033197e-01   2.4685283e+04   8.5491502e+04   2.1510179e-01
   4.3000000e+02   6.3968635e+06   3.1045630e-01   1.7381048e-02   3.2827866e+02  -7.4113373e-01   7.8016838e-01   2.0107571e+06  -7.2793455e-01   2.4551631e+04   8.5028633e+04   2.1556298e-01
   4.3100000e+02   6.3966422e+06   3.1048240e-01   1.7407680e-02   3.2243815e+02  -7.5480108e-01   7.7012248e-01   2.0109956e+06  -7.2551894e-01   2.4425024e+04   8.4590160e+04   2.1602641e-01
   4.3200000e+02   6.3964217e+06   3.1050745e-01   1.7433764e-02   3.1675787e+02  -7.6845681e-01   7.5984329e-01   2.0112269e+06  -7.2308518e-01   2.4305225e+04   8.4175265e+04   2.1649205e-01
   4.3300000e+02   6.3962019e+06   3.1053147e-01   1.7459306e-02   3.1123305e+02  -7.8208747e-01   7.4932141e-01   2.0114512e+06  -7.2063335e-01   2.4191984e+04   8.3783081e+04   2.1695986e-01
   4.3400000e+02   6.3959830e+06   3.1055449e-01   1.7484315e-02   3.0585892e+02  -7.9567957e-01   7.3854719e-01   2.0116686e+06  -7.1816351e-01   2.4085038e+04   8.3412701e+04   2.1742978e-01
   4.3500000e+02   6.3957650e+06   3.1057654e-01   1.7508800e-02   3.0063079e+02  -8.0921965e-01   7.2751074e-01   2.0118793e+06  -7.1567570e-01   2.3984114e+04   8.3063175e+04   2.1790178e-01
   4.3600000e+02   6.3955479e+06   3.1059765e-01   1.7532767e-02   2.9554397e+02  -8.2269434e-01   7.1620187e-01   2.0120835e+06  -7.1317001e-01   2.3888928e+04   8.2733522e+04   2.1837581e-01
   4.3700000e+02   6.3953317e+06   3.1061783e-01   1.7556225e-02   2.9059386e+02  -8.3609041e-01   7.0461018e-01   2.0122814e+06  -7.1064649e-01   2.3799188e+04   8.2422727e+04   2.1885182e-01
   4.3800000e+02   6.3951166e+06   3.1063712e-01   1.7579183e-02   2.8577593e+02  -8.4939483e-01   6.9272505e-01   2.0124732e+06  -7.0810520e-01   2.3714593e+04   8.2129755e+04   2.1932978e-01
   4.3900000e+02   6.3949026e+06   3.1065554e-01   1.7601649e-02   2.8108571e+02  -8.6259483e-01   6.8053563e-01   2.0126590e+06  -7.0554621e-01   2.3634840e+04   8.1853547e+04   2.1980964e-01
   4.4000000e+02   6.3946896e+06   3.1067312e-01   1.7623630e-02   2.7651883e+02  -8.7567793e-01   6.6803089e-01   2.0128389e+06  -7.0296958e-01   2.3559618e+04   8.1593033e+04   2.2029135e-01
   4.4100000e+02   6.3944779e+06   3.1068987e-01   1.7645136e-02   2.7207103e+02  -8.8863202e-01   6.5519963e-01   2.0130132e+06  -7.0037538e-01   2.3488616e+04   8.1347136e+04   2.2077486e-01
   4.4200000e+02   6.3942673e+06   3.1070582e-01   1.7666174e-02   2.6773814e+02  -9.0144538e-01   6.4203049e-01   2.0131820e+06  -6.9776367e-01   2.3421523e+04   8.1114777e+04   2.2126014e-01
   4.4300000e+02   6.3940580e+06   3.1072100e-01   1.7686753e-02   2.6351612e+02  -9.1410673e-01   6.2851199e-01   2.0133455e+06  -6.9513451e-01   2.3358029e+04   8.0894880e+04   2.2174714e-01
   4.4400000e+02   6.3938499e+06   3.1073542e-01   1.7706881e-02   2.5940103e+02  -9.2660528e-01   6.1463255e-01   2.0135039e+06  -6.9248797e-01   2.3297826e+04   8.0686380e+04   2.2223581e-01
   4.4500000e+02   6.3936431e+06   3.1074911e-01   1.7726567e-02   2.5538909e+02  -9.3893075e-01   6.0038054e-01   2.0136572e+06  -6.8982413e-01   2.3240611e+04   8.0488231e+04   2.2272610e-01
   4.4600000e+02   6.3934377e+06   3.1076209e-01   1.7745818e-02   2.5147663e+02  -9.5107341e-01   5.8574425e-01   2.0138056e+06  -6.8714303e-01   2.3186088e+04   8.0299406e+04   2.2321797e-01
   4.4700000e+02   6.3932337e+06   3.1077438e-01   1.7764643e-02   2.4766011e+02  -9.6302410e-01   5.7071200e-01   2.0139493e+06  -6.8444476e-01   2.3133970e+04   8.0118907e+04   2.2371138e-01
   4.4800000e+02   6.3930311e+06   3.1078600e-01   1.7783051e-02   2.4393616e+02  -9.7477424e-01   5.5527211e-01   2.0140885e+06  -6.8172938e-01   2.3083978e+04   7.9945770e+04   2.2420627e-01
   4.4900000e+02   6.3928300e+06   3.1079697e-01   1.7801049e-02   2.4030151e+02  -9.8631589e-01   5.3941301e-01   2.0142232e+06  -6.7899696e-01   2.3035843e+04   7.9779067e+04   2.2470259e-01
   4.5000000e+02   6.3926303e+06   3.1080731e-01   1.7818645e-02   2.3675305e+02  -9.9764172e-01   5.2312317e-01   2.0143537e+06  -6.7624755e-01   2.2989311e+04   7.9617913e+04   2.2520031e-01
   4.5100000e+02   6.3924322e+06   3.1081705e-01   1.7835847e-02   2.3328783e+02  -1.0087450e+00   5.0639126e-01   2.0144801e+06  -6.7348125e-01   2.2944138e+04   7.9461469e+04   2.2569936e-01
   4.5200000e+02   6.3922355e+06   3.1082619e-01   1.7852663e-02   2.2990301e+02  -1.0196198e+00   4.8920611e-01   2.0146024e+06  -6.7069810e-01   2.2900098e+04   7.9308945e+04   2.2619971e-01
   4.5300000e+02   6.3920405e+06   3.1083476e-01   1.7869101e-02   2.2659589e+02  -1.0302606e+00   4.7155678e-01   2.0147209e+06  -6.6789819e-01   2.2856976e+04   7.9159605e+04   2.2670131e-01
   4.5400000e+02   6.3918470e+06   3.1084277e-01   1.7885168e-02   2.2336393e+02  -1.0406627e+00   4.5343259e-01   2.0148357e+06  -6.6508158e-01   2.2814576e+04   7.9012763e+04   2.2720411e-01
   4.5500000e+02   6.3916550e+06   3.1085025e-01   1.7900872e-02   2.2020469e+02  -1.0508219e+00   4.3482321e-01   2.0149468e+06  -6.6224835e-01   2.2772717e+04   7.8867794e+04   2.2770805e-01
   4.5600000e+02   6.3914648e+06   3.1085720e-01   1.7916220e-02   2.1711588e+02  -1.0607347e+00   4.1571864e-01   2.0150545e+06  -6.5939856e-01   2.2731234e+04   7.8724126e+04   2.2821310e-01
   4.5700000e+02   6.3912761e+06   3.1086365e-01   1.7931219e-02   2.1409531e+02  -1.0703983e+00   3.9610931e-01   2.0151589e+06  -6.5653228e-01   2.2689978e+04   7.8581247e+04   2.2871920e-01
   4.5800000e+02   6.3910891e+06   3.1086961e-01   1.7945877e-02   2.1114092e+02  -1.0798104e+00   3.7598607e-01   2.0152600e+06  -6.5364959e-01   2.2648819e+04   7.8438701e+04   2.2922630e-01
   4.5900000e+02   6.3909037e+06   3.1087510e-01   1.7960199e-02   2.0825076e+02  -1.0889692e+00   3.5534029e-01   2.0153580e+06  -6.5075056e-01   2.2607640e+04   7.8296090e+04   2.2973436e-01
   4.6000000e+02   6.3907200e+06   3.1088013e-01   1.7974192e-02   2.0542298e+02  -1.0978736e+00   3.3416390e-01   2.0154531e+06  -6.4783526e-01   2.2566343e+04   7.8153069e+04   2.3024332e-01
   4.6100000e+02   6.3905380e+06   3.1088471e-01   1.7987864e-02   2.0265584e+02  -1.1065231e+00   3.1244937e-01   2.0155452e+06  -6.4490376e-01   2.2524845e+04   7.8009349e+04   2.3075313e-01
   4.6200000e+02   6.3903576e+06   3.1088886e-01   1.8001219e-02   1.9994768e+02  -1.1149175e+00   2.9018982e-01   2.0156346e+06  -6.4195615e-01   2.2483076e+04   7.7864692e+04   2.3126375e-01
   4.6300000e+02   6.3901789e+06   3.1089260e-01   1.8014264e-02   1.9729692e+02  -1.1230573e+00   2.6737905e-01   2.0157213e+06  -6.3899248e-01   2.2440982e+04   7.7718910e+04   2.3177512e-01
   4.6400000e+02   6.3900019e+06   3.1089593e-01   1.8027004e-02   1.9470208e+02  -1.1309433e+00   2.4401153e-01   2.0158054e+06  -6.3601284e-01   2.2398522e+04   7.7571860e+04   2.3228720e-01
   4.6500000e+02   6.3898266e+06   3.1089887e-01   1.8039446e-02   1.9216174e+02  -1.1385771e+00   2.2008250e-01   2.0158871e+06  -6.3301730e-01   2.2355668e+04   7.7423445e+04   2.3279993e-01
   4.6600000e+02   6.3896529e+06   3.1090144e-01   1.8051593e-02   1.8967454e+02  -1.1459603e+00   1.9558795e-01   2.0159665e+06  -6.3000593e-01   2.2312403e+04   7.7273606e+04   2.3331326e-01
   4.6700000e+02   6.3894809e+06   3.1090363e-01   1.8063451e-02   1.8723921e+02  -1.1530951e+00   1.7052469e-01   2.0160435e+06  -6.2697881e-01   2.2268720e+04   7.7122323e+04   2.3382715e-01
   4.6800000e+02   6.3893106e+06   3.1090547e-01   1.8075025e-02   1.8485451e+02  -1.1599841e+00   1.4489032e-01   2.0161184e+06  -6.2393602e-01   2.2224624e+04   7.6969607e+04   2.3434154e-01
   4.6900000e+02   6.3891420e+06   3.1090697e-01   1.8086319e-02   1.8251925e+02  -1.1666302e+00   1.1868334e-01   2.0161912e+06  -6.2087763e-01   2.2180128e+04   7.6815504e+04   2.3485637e-01
   4.7000000e+02   6.3889750e+06   3.1090814e-01   1.8097336e-02   1.8023232e+02  -1.1730366e+00   9.1903079e-02   2.0162620e+06  -6.1780371e-01   2.2135250e+04   7.6660081e+04   2.3537161e-01
   4.7100000e+02   6.3888097e+06   3.1090898e-01   1.8108082e-02   1.7799261e+02  -1.1792070e+00   6.4549753e-02   2.0163309e+06  -6.1471436e-01   2.2090019e+04   7.6503433e+04   2.3588720e-01
   4.7200000e+02   6.3886460e+06   3.1090951e-01   1.8118559e-02   1.7579906e+02  -1.1851450e+00   3.6624473e-02   2.0163979e+06  -6.1160963e-01   2.2044466e+04   7.6345672e+04   2.3640308e-01
   4.7300000e+02   6.3884839e+06   3.1090974e-01   1.8128771e-02   1.7365068e+02  -1.1908547e+00   8.1292419e-03   2.0164631e+06  -6.0848962e-01   2.1998629e+04   7.6186927e+04   2.3691921e-01
   4.7400000e+02   6.3883234e+06   3.1090968e-01   1.8138721e-02   1.7154645e+02  -1.1963404e+00  -2.0933045e-02   2.0165267e+06  -6.0535439e-01   2.1952550e+04   7.6027342e+04   2.3743553e-01
   4.7500000e+02   6.3881646e+06   3.1090934e-01   1.8148412e-02   1.6948542e+02  -1.2016066e+00  -5.0558601e-02   2.0165887e+06  -6.0220403e-01   2.1906272e+04   7.5867071e+04   2.3795199e-01
